noises_train,neurons_train,noises_test,neurons_test,falses_positives,hits,misses
503,250,547,270,29,426,121
609,275,441,245,26,346,95
589,277,461,243,46,351,110
439,264,611,256,40,503,108
492,247,558,273,35,460,98
478,220,572,300,46,456,116
370,214,680,306,56,564,116
608,295,442,225,39,383,59
804,401,246,119,15,208,38
410,239,640,281,45,560,80
597,292,453,228,37,396,57
619,325,431,195,36,348,83
488,294,562,226,36,482,80
354,206,696,314,38,565,131
494,289,556,231,34,440,116
297,191,753,329,44,620,133
588,227,462,293,60,385,77
392,207,658,313,100,559,99
469,219,581,301,61,506,75
443,219,607,301,47,517,90
