94,101,377,222,103,673,40,57,125,30,23,50,586,87
137,99,502,179,105,548,25,43,111,40,20,45,466,82
137,112,691,179,92,359,40,41,98,37,17,38,310,49
135,85,361,181,119,689,20,47,114,32,34,53,600,89
144,64,264,172,140,786,20,43,109,37,45,58,617,169
120,91,425,196,113,625,22,45,129,36,28,49,549,76
195,111,531,121,93,519,16,26,79,35,25,33,439,80
117,92,479,199,112,571,35,44,120,38,34,40,480,91
200,102,511,116,102,539,15,25,76,30,27,45,478,61
121,85,318,195,119,732,25,37,133,30,32,57,602,130
177,90,440,139,114,610,15,31,93,44,38,32,540,70
167,102,612,149,102,438,34,30,85,39,26,37,384,54
170,78,419,146,126,631,20,29,97,32,40,54,510,121
189,127,617,127,77,433,18,18,91,25,19,33,365,68
185,95,429,131,109,621,17,27,87,41,18,50,553,68
168,99,461,148,105,589,14,21,113,26,34,45,456,133
157,120,620,159,84,430,38,39,82,28,11,45,395,35
109,102,543,207,102,507,22,49,136,27,35,40,419,88
138,82,504,178,122,546,27,33,118,35,49,38,462,84
168,92,503,148,112,547,24,30,94,35,28,49,460,87
