56,1198
78,1137
215,265
240,290
242,292
553,1218
760,403
768,266
773,410
1019,293
1379,1137
1446,635
1483,374
1514,623
48,1198
74,1239
81,1433
92,1218
116,603
123,297
163,29
209,257
212,270
223,263
224,273
247,301
762,638
770,270
782,753
995,362
1014,266
1044,316
1046,638
1153,1169
1156,1165
1160,1165
1293,311
1300,311
1304,608
1319,402
229,593
278,593
677,1367
760,403
773,410
779,1367
11,556
123,69
126,71
212,593
223,608
649,1367
658,1242
691,1367
740,1367
748,1242
762,589
770,593
782,376
1044,316
1062,435
1070,422
1080,1362
1112,1362
1130,435
1140,435
1143,1367
1153,1169
1156,1165
1161,513
1164,513
1293,311
1300,311
1304,608
1319,402
12,290
215,265
240,290
242,292
553,200
599,273
610,280
677,784
692,783
699,265
735,273
741,784
1068,783
1099,783
1372,265
1426,783
74,203
81,1433
92,151
98,181
106,1039
116,201
121,1031
209,257
212,270
223,263
224,273
247,301
549,144
552,200
563,144
568,133
576,151
578,178
580,151
649,784
650,295
651,763
658,1242
740,784
748,1242
995,362
1004,763
1014,266
1062,171
1070,422
1089,784
1130,797
1140,171
1361,265
215,265
240,290
242,292
494,483
517,470
522,476
530,612
536,1244
541,556
677,784
692,783
699,265
735,273
741,784
1019,293
1068,783
1099,783
1372,265
1374,783
1390,1039
1426,783
1446,635
1483,374
123,69
126,71
209,257
212,270
223,263
224,273
247,301
649,784
650,295
651,763
658,1242
740,784
748,1242
995,362
1004,763
1014,266
1062,1347
1070,422
1089,784
1130,797
1140,1347
261,638
296,588
450,115
462,612
474,614
475,1194
481,115
494,635
511,612
514,1179
518,1239
520,614
521,1194
522,604
526,115
530,612
532,1194
535,1194
536,1244
553,115
1155,785
1374,783
1379,1137
1483,702
123,69
126,71
212,593
223,608
245,614
277,1515
300,614
407,1510
426,44
434,46
438,795
549,82
552,115
563,57
568,44
576,107
947,638
955,763
980,1202
1153,1169
1156,1165
1157,69
1159,1169
1160,1165
1161,1165
1162,1202
1164,1165
1300,1243
1304,608
1319,1270
215,265
240,290
242,292
494,483
517,470
522,476
536,668
553,115
599,273
600,111
610,280
939,1301
1068,783
1099,783
1176,710
1426,783
1483,374
123,69
126,71
209,257
212,270
223,263
224,273
247,301
549,82
552,115
563,57
568,44
576,107
947,638
955,763
1062,1347
1070,422
1130,797
1140,1347
1167,657
1236,851
1237,1555
596,216
599,273
600,556
610,280
677,1367
728,1367
735,273
760,403
768,266
773,410
777,246
779,1367
803,422
882,301
887,301
939,1301
1019,293
1155,1034
1176,1034
1390,244
1483,374
11,556
649,1367
650,295
658,1034
691,1367
732,301
740,1367
748,1034
770,270
782,376
955,241
980,1034
995,362
1014,266
1062,171
1070,422
1080,1362
1089,1367
1112,1362
1130,435
1140,171
1143,1367
1152,1034
1153,1034
1156,304
1158,1034
1159,1034
1162,1034
1166,1034
1167,1034
1220,556
1236,1030
1237,1032
1268,1367
596,216
610,225
939,1301
1155,785
1426,783
1483,374
11,556
81,1274
89,556
92,557
98,181
106,1039
116,201
121,1031
651,763
658,1242
748,1242
955,1074
980,1202
991,815
995,362
1004,763
1153,1169
1156,1165
1159,1169
1160,1165
1162,1202
78,1137
553,1218
596,216
599,273
610,280
675,1137
699,265
728,784
735,273
741,784
744,1137
939,1301
1019,293
1379,1137
1483,1342
1484,293
81,1433
98,253
123,207
163,29
407,1327
434,1332
438,795
563,253
576,253
578,253
580,253
650,295
651,763
658,1242
732,301
748,1242
955,763
991,815
1004,763
1014,266
1046,787
1089,784
12,702
47,1362
596,216
599,273
610,280
939,1301
1019,293
1426,783
1483,374
11,556
81,1274
89,556
92,557
98,181
106,1365
116,201
947,638
955,1074
995,362
1014,266
1044,316
1046,638
1130,797
229,1072
261,589
278,1072
1176,1125
1426,783
1483,1163
2,492
74,616
77,1554
81,1433
116,603
163,1554
212,593
223,608
247,614
337,1553
434,608
438,795
549,616
658,851
698,1065
748,851
955,1074
1236,851
1265,1137
1304,608
1319,1433
261,638
494,483
517,470
522,476
530,255
535,255
536,668
553,115
773,697
1155,1071
1176,710
1446,635
1514,623
123,69
126,71
407,1510
426,44
434,46
438,44
549,82
552,115
563,57
568,44
576,107
762,638
770,221
782,753
1143,1367
1152,1071
1156,250
1158,1071
1160,468
1166,1071
1167,657
1236,1030
1237,1555
1268,1367
1304,608
1319,87
47,1362
78,1137
261,638
494,483
517,470
522,476
530,255
535,255
536,1244
541,556
1374,783
1379,1137
1426,783
1483,1342
11,556
72,557
77,1365
81,1433
89,556
92,557
98,548
106,1365
116,558
123,574
127,569
142,569
157,557
163,1365
407,1327
434,1332
438,795
1046,638
1265,1137
1268,1367
1283,1363
47,1362
215,265
240,290
242,292
450,308
462,612
473,1239
474,1469
475,1194
481,308
494,271
518,1239
519,1239
520,1469
521,1194
522,604
526,308
530,612
532,1194
536,1244
541,556
1155,785
1426,783
11,556
72,557
77,1554
81,1433
89,556
92,557
98,548
106,1365
116,558
123,574
127,569
142,569
157,557
163,1554
212,270
217,558
223,263
224,273
247,301
337,1553
407,1510
434,1243
438,795
1014,266
1046,638
1153,1169
1156,1165
1265,1137
1268,1367
1283,1363
1300,1243
1304,608
1319,1433
34,1362
47,1362
56,569
124,1362
215,265
240,290
242,292
450,308
462,612
474,306
475,24
477,30
481,308
488,30
494,271
520,306
521,24
522,604
526,308
530,612
532,24
535,24
536,1525
541,556
543,305
677,1367
693,1362
695,1362
728,1367
735,273
760,1039
768,266
773,1568
777,306
779,1367
887,301
888,301
939,259
1005,1367
1155,1555
1176,1034
1246,31
1341,1362
1390,1039
1446,635
1514,623
48,569
72,557
77,29
81,1365
92,557
98,548
106,1365
116,558
121,1031
123,574
126,571
127,569
142,569
157,557
163,29
209,257
212,270
217,558
223,263
224,273
247,301
323,1362
407,1510
434,257
649,1367
650,295
658,1555
691,1367
740,1367
748,1555
762,589
770,270
980,1555
995,1517
1062,292
1063,1010
1080,1362
1089,1367
1112,1362
1140,1365
1143,1367
1152,1555
1153,1555
1156,304
1158,1555
1159,1555
1160,635
1162,1555
1166,1555
1167,1555
1220,556
1236,1009
1237,1555
1268,1367
1283,1363
1304,608
1319,1431
12,702
261,638
278,1072
296,197
450,115
462,1179
474,1469
475,1194
481,200
511,1179
514,1179
518,1239
520,1469
521,1194
526,115
530,1194
532,1194
535,1194
536,1244
543,1469
553,200
1155,785
1426,783
209,812
223,400
245,1469
300,1469
549,82
552,200
563,144
568,44
576,151
578,178
580,151
995,362
1044,316
1046,638
1130,797
1153,1169
1156,1165
1161,1165
1164,1165
1293,311
1300,311
1304,158
1319,402
261,638
450,254
462,255
465,255
475,1194
481,254
494,256
511,1179
514,255
518,1239
521,1194
522,256
526,115
530,255
532,1194
535,255
536,1244
553,115
596,216
610,225
773,697
777,246
939,1520
1514,256
123,69
126,71
337,1553
407,1497
426,44
434,46
438,44
549,82
552,115
563,57
565,253
568,44
576,107
762,638
770,221
782,753
881,244
947,638
955,640
980,1202
995,1517
1046,638
1153,1169
1156,1165
1159,1169
1160,1165
1162,1202
1265,1137
1268,1367
1300,1243
1304,73
1319,87
215,265
240,290
242,292
494,483
517,470
522,476
536,316
553,115
596,264
599,273
600,111
610,280
735,273
760,403
768,266
773,410
779,1367
887,301
939,1301
1155,1071
1176,1034
1514,483
209,257
212,270
223,263
224,273
247,301
549,82
552,115
563,144
568,133
576,151
578,178
580,151
649,1367
650,295
651,1074
658,1034
691,1367
698,1065
732,301
740,1367
748,1034
770,270
782,376
843,1347
852,1065
951,1065
955,1074
980,1071
995,362
1004,1074
1014,266
1143,1367
1152,1071
1153,1071
1156,304
1158,1071
1159,1071
1160,468
1162,1071
1166,1071
1167,1071
1236,1030
1237,1071
47,1362
56,1198
261,638
450,498
481,492
760,1039
773,1325
777,246
939,1301
1483,1342
81,1433
92,557
98,181
106,1365
116,201
121,1031
407,1327
434,1332
438,133
762,638
770,221
782,753
947,638
955,1074
1143,1367
78,1137
261,638
450,498
481,492
553,1218
1374,783
1379,1137
1426,783
1483,1163
81,1433
98,253
106,1039
121,1031
123,207
163,1554
407,1274
434,243
438,795
563,253
576,253
578,253
580,253
1300,1243
1304,608
1319,1270
229,593
242,197
261,589
278,593
291,1554
296,197
494,483
517,470
522,476
530,612
536,1244
541,556
728,1367
742,605
760,403
768,592
773,410
939,372
1483,374
11,556
212,593
223,608
247,1171
277,1515
649,1367
650,593
651,1119
658,1242
740,1367
748,1242
762,589
770,593
782,376
935,589
955,1101
991,1119
995,362
1003,1135
1004,1117
1044,316
1046,1117
1089,1367
1293,311
1300,311
1304,158
1319,402
12,702
47,1362
450,308
462,612
465,255
474,1469
475,621
481,308
494,256
514,255
520,1469
521,621
522,604
526,308
530,255
532,255
535,255
536,668
541,556
543,1469
1068,783
1099,783
1176,710
1374,783
11,556
72,557
81,1433
89,556
92,557
98,548
106,1365
116,558
123,574
127,569
142,569
157,557
163,1365
995,362
1044,316
1046,638
1062,1347
1070,422
1080,1362
1112,1362
1130,797
1140,1347
1167,657
1236,851
450,308
462,612
465,255
473,1239
474,1469
475,1194
481,254
494,256
514,255
518,1239
519,1239
520,1469
521,1194
522,604
526,308
530,255
532,24
535,255
536,1244
541,556
735,273
741,784
1155,785
1374,783
1426,783
72,557
81,1274
92,557
98,548
116,558
123,574
127,569
142,569
157,557
163,29
650,295
651,763
658,1242
748,1242
995,362
1004,763
1014,266
1044,316
1089,784
1153,1169
1156,1165
1293,311
1300,311
1304,608
1319,402
215,265
240,290
242,292
699,265
735,273
768,266
773,1325
1176,900
1372,265
1446,635
1514,623
2,492
11,556
209,257
212,270
223,263
224,273
247,301
407,1327
434,1332
438,133
650,295
658,988
748,988
762,589
770,270
995,295
1156,304
1160,468
1220,556
1236,1009
1265,1137
261,638
553,115
773,697
777,246
939,1520
1176,710
1446,635
1483,1163
123,69
126,71
407,1274
426,44
434,46
438,44
549,82
552,115
563,57
568,44
576,107
762,638
770,221
782,753
947,638
955,640
965,640
995,1517
1167,657
1236,1009
1304,608
1319,1270
12,702
261,638
296,197
553,200
610,118
1068,783
1099,783
1176,710
209,812
223,68
277,1515
407,1327
426,133
434,1332
438,795
549,82
552,200
563,144
568,133
576,151
578,178
580,151
1044,1337
1046,638
1062,171
1070,786
1130,797
1140,171
1167,657
1236,851
1237,1555
34,1362
47,1362
596,216
610,225
677,784
692,783
1483,374
11,556
72,557
89,556
92,557
98,548
106,1365
116,558
123,574
127,569
142,569
157,557
163,1365
649,1367
658,1242
740,1367
748,1242
1044,316
1130,797
1268,1367
1283,1363
1293,311
1300,311
1304,392
1319,402
34,1362
47,1362
296,556
450,557
473,1239
474,1469
475,1194
481,31
494,25
518,1239
519,1239
520,1469
521,1194
522,25
530,1194
532,24
535,24
536,1244
541,556
610,1507
741,784
1026,783
72,557
77,29
81,1433
92,557
98,548
106,1365
116,558
123,574
127,569
142,569
157,557
163,29
209,812
217,558
223,400
649,1367
658,1242
740,1367
748,1242
1044,316
1265,1137
1268,1367
1283,1363
1293,311
1300,311
1304,392
1319,402
215,265
240,290
242,292
450,498
481,492
596,264
599,273
610,280
768,266
773,1325
1483,1342
11,556
123,69
126,71
209,257
212,270
223,263
224,273
247,301
407,1327
434,1332
438,44
762,638
770,270
782,753
124,1362
494,483
517,470
522,476
530,255
535,255
536,1525
553,115
693,1362
695,1362
735,273
768,266
773,977
1176,900
123,69
126,71
323,1362
337,1553
407,1510
426,44
434,46
438,44
549,82
552,115
563,57
568,44
576,107
649,1367
650,295
658,988
740,1367
748,988
762,589
770,270
1156,304
1236,1030
1265,1137
1268,1367
1304,608
1319,87
261,638
278,1072
450,115
474,1469
481,115
520,1469
526,115
536,668
553,115
600,111
760,403
773,410
1155,1071
1176,710
1246,110
1483,374
123,69
126,71
223,400
245,1469
300,1469
549,82
552,115
563,57
568,44
576,107
762,638
782,753
1152,1071
1157,69
1158,1071
1161,1469
1166,1071
1167,657
1236,1030
1237,1555
1293,311
1297,1533
1300,311
1304,392
1319,402
47,1362
494,483
517,470
522,476
530,255
535,255
536,1525
541,556
596,216
599,273
600,556
610,280
735,273
760,403
768,266
773,410
777,246
779,1367
887,301
939,1301
1176,1083
81,1433
92,557
98,181
106,1365
116,201
649,1367
650,295
651,1074
658,1555
664,1084
691,1367
698,1065
732,301
740,1367
748,1555
762,216
770,270
782,376
843,1347
852,1065
937,273
955,1074
995,362
1004,1074
1014,266
1044,316
1046,1074
1143,1367
1220,556
1236,1555
1237,1555
1268,1367
1283,1363
261,638
278,1072
296,556
494,483
517,470
522,476
536,668
541,556
600,556
610,118
760,403
773,410
1176,710
123,69
126,71
223,400
762,638
782,753
843,1347
1167,657
1236,1030
1237,1555
494,483
517,470
522,476
530,255
535,255
536,1244
553,200
596,216
599,273
610,280
677,784
692,783
735,273
1019,293
1483,1163
426,44
434,46
438,795
549,82
552,200
563,144
568,133
576,151
578,178
580,151
649,1367
650,295
651,763
658,1242
698,1065
740,1367
748,1242
1004,763
1014,266
1130,797
1268,1367
1297,257
1300,1243
1304,158
1319,87
229,1072
278,1072
296,197
553,200
677,784
692,783
1483,374
2,492
209,812
223,400
277,1515
549,82
552,200
563,57
568,44
576,151
578,178
580,151
649,784
651,763
658,1242
698,1065
748,1242
995,362
1004,763
1044,316
1130,797
1293,311
1300,311
1304,158
1319,402
699,265
728,784
735,273
741,784
939,259
1176,1125
1426,783
1483,1163
72,557
77,29
92,557
98,548
116,558
123,574
126,571
127,569
142,569
157,557
163,29
434,243
438,795
650,295
658,851
748,851
955,763
1220,556
1236,851
1265,1137
1304,608
1319,1431
12,702
47,1362
760,1039
768,266
773,1325
1155,1071
1176,710
11,556
48,569
72,557
77,1554
81,1433
89,556
92,557
98,548
106,1365
116,558
121,1031
123,574
127,569
142,569
157,557
163,1554
407,1327
434,1332
762,638
770,270
782,753
995,295
1143,1367
1152,1071
1156,304
1158,1071
1166,1071
1167,657
1236,1009
1268,1367
1283,1363
261,589
494,483
517,470
522,476
530,255
535,255
536,1525
553,115
939,372
1155,785
1176,1125
1426,783
123,69
126,71
549,82
552,115
563,57
568,44
576,107
649,1367
651,763
658,1555
698,1065
740,1367
748,1555
955,1074
965,763
980,1071
991,815
995,362
1004,763
1152,785
1153,785
1156,250
1158,785
1159,785
1162,785
1166,785
1167,1071
1236,851
1237,1555
1265,1137
1268,1367
1293,311
1300,311
1304,608
1319,402
47,1362
56,1198
261,589
450,498
481,492
728,1367
760,403
773,410
777,246
939,1301
1446,635
81,1274
92,557
98,181
106,1365
116,201
121,1031
649,1367
650,221
658,1242
740,1367
748,1242
762,589
770,221
782,376
955,1101
980,1202
995,362
1089,1367
1153,1169
1156,1165
1159,1169
1160,1165
1162,1202
215,265
240,290
242,292
677,1367
735,273
768,266
773,1325
779,1367
1019,293
1176,900
1446,635
1483,1342
1514,623
123,69
126,71
209,257
212,270
223,263
224,273
247,301
407,1327
434,1332
438,44
649,1367
650,295
658,988
691,1367
740,1367
748,988
762,589
770,270
995,1517
1014,266
1044,1337
1062,1347
1080,1362
1089,1367
1112,1362
1130,1337
1140,1347
1143,1367
1156,304
1160,468
1220,556
1236,1555
1237,1555
450,254
465,255
473,1239
474,1469
475,1194
481,308
494,256
514,255
518,1239
519,1239
520,1469
521,1194
526,254
530,255
532,1194
535,255
536,1244
541,556
596,216
599,273
610,280
1019,293
1483,1342
11,556
72,557
81,1274
89,556
92,557
98,548
106,1039
116,558
121,1031
123,574
127,569
142,569
157,557
163,1554
407,1327
434,1332
438,795
1087,556
450,498
481,492
768,266
773,697
777,246
939,259
11,556
123,69
126,71
407,1274
434,46
438,44
762,638
770,270
782,753
947,638
955,1074
1046,638
1300,1243
1304,608
1319,1270
56,569
261,638
494,483
517,470
522,476
530,255
535,255
536,668
541,556
596,216
600,556
610,225
760,403
773,410
777,246
939,372
1176,710
48,569
72,557
77,1554
81,688
92,557
98,548
116,558
123,574
127,569
142,569
157,557
163,1554
762,638
770,221
782,753
881,422
947,638
1044,316
1046,638
1167,657
1236,1009
1265,1137
1293,311
1300,311
1304,392
1319,402
34,1362
47,1362
596,216
599,273
600,556
610,280
728,1367
735,273
741,784
939,1301
1155,785
1176,1125
1374,783
1514,527
11,556
72,557
81,1274
89,556
92,557
98,548
106,1365
116,558
121,1031
123,574
127,569
142,569
157,557
163,1554
407,1327
434,1332
438,795
649,1367
650,295
651,763
658,851
732,301
740,1367
748,851
955,763
965,763
980,785
991,815
1004,763
1089,784
1152,785
1153,785
1156,250
1158,785
1159,785
1160,468
1162,785
1166,785
1167,785
1220,556
1236,851
1237,1127
47,1362
56,1198
261,638
450,498
481,492
596,216
610,225
760,1039
773,697
777,246
1483,1163
11,556
81,1274
89,556
92,557
98,181
106,1365
116,201
121,1031
407,1274
434,243
438,133
762,638
770,221
782,753
947,638
1300,1243
1304,158
1319,1270
261,638
450,498
481,492
553,115
610,118
760,403
773,410
939,1301
1176,710
1246,492
123,69
126,71
223,400
277,1515
549,82
552,115
563,57
568,44
576,107
762,638
782,753
881,422
947,638
1044,316
1046,638
1167,657
1236,1009
1265,1137
1268,1367
12,702
261,638
278,1072
296,197
494,483
517,470
522,476
536,668
553,200
600,111
939,1301
1176,710
1426,783
209,812
223,68
407,1327
426,44
434,1332
438,795
549,82
552,200
563,144
568,133
576,151
578,178
580,151
947,638
955,1074
965,640
1130,797
1167,657
1236,851
1237,1555
261,638
278,1072
296,197
450,200
475,557
481,115
521,557
526,200
530,181
532,557
536,668
541,556
600,556
610,118
760,403
773,410
1176,710
1246,110
11,556
223,400
762,638
782,753
1167,657
1236,1009
1293,311
1300,311
1304,158
1319,402
47,1362
215,265
240,290
242,292
494,483
517,470
522,476
530,612
536,1244
553,1218
1155,785
1426,783
66,1362
74,1239
80,784
81,1274
92,1218
98,1192
106,1365
116,603
121,1031
123,297
163,1554
164,1367
180,783
209,257
212,270
217,1239
223,263
224,273
247,301
407,1510
434,1243
438,795
547,783
549,1239
552,1218
576,1239
584,1367
1130,797
1153,1169
1156,1165
1300,1243
1304,608
1319,1270
261,589
494,483
517,470
522,476
530,255
535,255
536,1244
553,200
939,1301
1374,783
1446,635
1483,374
74,203
92,151
98,181
106,1039
116,201
121,1031
549,144
552,200
563,144
568,133
576,151
578,178
580,151
651,763
658,1242
748,1242
955,1074
991,815
995,362
1004,763
1265,1137
450,498
481,492
596,216
610,225
677,784
692,783
1155,785
1426,783
1514,527
81,1433
92,557
98,181
106,1039
116,201
121,1031
434,243
438,795
649,784
658,1242
698,1065
748,1242
1130,797
1153,1169
1156,1165
1160,1165
1300,1243
1304,158
1319,1433
261,638
278,1072
296,197
553,115
760,403
773,410
939,1301
1176,710
1379,1137
1483,374
2,492
212,593
223,608
549,82
552,200
563,57
568,44
576,151
578,178
580,151
762,638
770,593
782,753
947,638
955,1074
1167,657
1236,1030
1265,1137
215,265
240,290
242,292
494,483
517,470
522,476
536,1244
553,115
599,273
610,280
677,784
692,783
693,1362
695,1362
735,273
741,784
1005,1367
1068,783
1099,783
1374,783
1390,1039
1426,783
1483,1163
123,69
126,71
209,257
212,270
223,263
224,273
247,301
323,1362
407,1510
426,44
434,46
438,795
549,82
552,115
563,57
568,44
576,107
649,1367
650,295
651,763
658,1242
740,1367
748,1242
1004,763
1062,797
1070,786
1080,1362
1089,784
1112,1362
1130,797
1140,797
1290,257
1297,257
1300,1243
1304,73
1319,1270
215,265
240,290
242,292
450,308
474,1469
475,1194
481,308
494,271
518,1239
520,1469
521,1194
522,25
526,115
530,1194
532,24
535,24
536,1244
541,556
596,264
599,273
610,280
760,403
768,266
773,410
1483,374
123,69
126,71
209,257
212,270
223,263
224,273
247,301
762,638
770,270
782,753
1044,316
1046,638
1290,257
1293,311
1297,257
1300,311
1304,392
1319,402
261,638
773,697
123,69
126,71
337,1553
407,1245
434,46
438,44
762,638
770,221
782,753
995,1548
1062,1554
1080,1362
1112,1362
1130,707
1140,707
1143,1367
1153,1169
1156,1165
1268,1367
1300,1243
1304,608
1319,87
229,1072
261,589
278,1072
939,372
1155,785
1176,1125
1483,374
11,556
72,557
81,1274
89,556
92,557
98,548
106,1039
116,558
121,1031
123,574
127,569
142,569
157,557
212,593
217,558
223,608
247,1469
277,1515
658,1555
698,1065
748,1555
955,1074
980,1071
1152,785
1153,785
1156,472
1158,785
1159,785
1161,513
1162,785
1164,513
1166,785
1167,1071
1220,556
1236,851
1237,1555
1304,608
1319,402
12,702
47,1362
215,265
240,290
242,292
599,273
610,280
1068,783
1099,783
1374,783
1426,783
11,556
81,1433
89,556
92,557
98,181
106,1365
116,201
121,1031
209,257
212,270
223,263
224,273
247,301
407,1327
434,1332
438,795
1014,266
1062,171
1070,786
1080,1362
1112,1362
1130,797
1140,171
1268,1367
1283,1363
215,265
240,290
242,292
450,308
474,306
475,1194
481,308
494,271
518,1239
520,306
521,1194
522,25
526,115
530,1194
532,24
535,24
536,1244
541,556
543,1230
596,264
599,273
610,280
760,403
768,266
773,410
939,1301
1483,374
123,69
126,71
209,257
212,270
223,263
224,273
247,301
762,638
770,270
782,753
843,1347
881,422
947,638
955,640
980,1202
995,362
1062,1347
1070,422
1080,1362
1112,1362
1130,707
1140,1347
1143,1367
1153,1169
1156,1165
1159,1169
1160,1165
1162,1202
1268,1367
12,702
261,638
450,498
481,492
596,216
610,225
939,372
1068,783
1099,783
1426,783
1483,374
11,556
947,638
955,763
995,362
1062,171
1070,422
1080,1362
1112,1362
1130,797
1140,171
1268,1367
1293,311
1300,311
1304,158
1319,402
261,638
494,483
517,470
522,476
530,255
535,255
536,668
541,556
596,216
600,556
610,225
773,1325
1176,710
1483,1342
81,1433
92,557
98,181
116,201
407,1327
434,1332
438,133
762,638
770,221
782,753
843,1347
1046,638
1167,657
1236,662
215,265
240,290
242,292
494,483
517,470
522,476
530,612
536,1525
541,556
728,784
735,273
741,784
939,259
1155,785
1176,1125
1379,1137
1514,623
209,257
212,270
223,263
224,273
247,301
407,1510
434,46
438,795
650,295
658,1555
748,1555
955,763
980,785
1152,785
1153,785
1156,304
1158,785
1159,785
1160,468
1162,785
1166,785
1167,785
1220,556
1236,851
1237,1555
1265,1137
1304,158
1319,87
47,1362
261,638
494,483
517,470
522,476
530,255
535,255
536,668
553,200
596,216
610,225
760,403
773,410
777,246
939,372
1155,662
1176,710
1483,374
74,203
81,1433
92,151
98,181
106,1365
116,201
121,1031
549,144
552,200
563,144
568,133
576,151
578,178
580,151
762,638
770,221
782,753
947,638
955,640
965,640
980,662
995,362
1062,171
1070,422
1080,1362
1112,1362
1130,707
1140,171
1143,1367
1152,657
1153,662
1156,250
1158,657
1159,662
1160,468
1162,662
1166,657
1167,657
1236,1009
1237,1555
1268,1367
1283,1363
1293,311
1300,311
1304,158
1319,402
47,1362
261,638
596,216
600,556
610,225
939,1301
1068,783
1099,783
1176,710
1426,783
72,557
77,29
92,557
98,548
106,1365
116,558
121,1031
123,574
127,569
142,569
157,557
163,29
947,638
955,763
1062,1347
1070,422
1080,1362
1112,1362
1130,797
1140,1347
1167,657
1236,851
1237,1555
1268,1367
1283,1363
56,1198
261,638
278,1072
296,197
450,200
462,612
475,1194
481,200
494,635
518,1239
521,1194
522,604
526,200
530,612
532,1194
536,1244
541,556
760,403
773,410
939,1301
1155,1071
1446,635
11,556
81,688
89,556
92,557
98,181
106,1039
116,201
121,1031
212,593
223,608
245,614
277,1515
300,614
762,638
770,593
782,753
843,1347
947,638
955,1074
980,1202
995,362
1153,1169
1156,1165
1159,1169
1160,1165
1161,1165
1162,1202
1164,1165
1265,1137
229,1072
278,1072
296,197
450,115
474,1469
475,1194
481,31
494,25
518,1239
520,1469
521,1194
522,25
526,115
530,1194
532,24
535,24
536,1244
539,1065
541,556
543,1469
610,118
677,784
692,783
1426,783
1483,374
209,812
223,400
277,1515
649,784
658,1242
748,1242
1130,797
1293,311
1300,311
1304,158
1319,402
215,1010
229,1072
278,1072
450,498
481,492
553,115
742,1072
773,1568
1155,1071
1176,1125
1246,492
1371,1065
123,69
126,71
223,68
224,1117
247,1469
407,1274
426,44
434,46
438,44
549,82
552,115
563,57
568,44
576,107
650,1116
658,1555
748,1555
762,1117
955,1074
964,1084
980,1071
1152,1071
1153,1071
1156,510
1158,1071
1159,1071
1161,513
1162,1071
1164,513
1166,1071
1167,1071
1236,1009
1237,1555
1263,1065
1297,1533
1304,73
1319,1270
261,638
450,498
481,492
1176,710
1246,492
1374,783
1379,1137
1426,783
123,69
126,71
212,593
223,608
337,1553
407,1510
434,46
438,795
947,638
955,763
1046,638
1167,657
1236,851
1265,1137
1304,608
1319,87
56,1198
450,254
462,612
465,255
474,306
475,1194
477,1065
481,254
488,1065
494,256
514,255
518,1239
520,306
521,1194
522,604
526,200
530,255
532,24
535,255
536,1244
541,556
760,1039
768,266
773,697
1019,293
1446,635
1483,1163
81,1433
92,557
98,181
106,1039
116,201
121,1031
337,1553
407,1510
434,243
438,133
762,638
770,270
782,753
995,295
1014,266
1300,1243
1304,158
1319,1433
215,265
240,290
242,292
450,498
481,492
553,115
599,273
610,280
699,265
735,273
1155,785
1176,900
1246,492
1372,265
1426,783
2,492
123,69
126,71
209,257
212,270
223,263
224,273
247,301
407,1327
426,44
434,1332
438,795
549,82
552,115
563,57
568,44
576,107
650,295
658,988
748,988
1152,785
1156,304
1158,785
1166,785
1167,1071
1236,851
1237,1555
1265,1137
34,1362
47,1362
56,1198
124,1362
596,216
610,225
773,977
48,1198
72,557
81,1274
92,557
98,548
106,1365
116,558
123,574
126,571
127,569
142,569
157,557
163,29
323,1362
407,1274
434,243
649,1367
658,1242
740,1367
748,1242
762,1117
770,221
1300,1243
1319,1270
229,1072
261,589
278,1072
296,197
494,483
517,470
522,476
530,612
536,1525
553,200
677,784
692,783
939,1301
1176,1083
1426,783
74,203
81,1433
92,151
98,181
116,201
212,593
223,608
247,1469
277,1515
407,1327
426,133
434,1332
438,795
549,144
552,200
563,144
568,133
576,151
578,178
580,151
649,784
658,851
698,1065
748,851
955,1074
1044,1337
1130,797
1236,851
56,1198
242,1554
291,1554
450,31
462,1179
465,1239
466,1179
469,1179
471,1239
473,1239
474,1205
475,1194
481,31
494,25
511,1179
514,1179
515,1179
517,1239
518,1239
519,1239
520,1205
521,1194
522,25
530,1194
532,24
535,24
536,1244
543,1230
553,1218
760,403
773,410
33,1239
39,1179
48,1198
74,1239
81,1274
92,1218
98,1192
106,1039
116,311
121,1031
123,401
127,1179
134,1179
136,1239
142,1179
163,1554
209,377
223,400
245,1205
277,1515
300,1205
562,1179
563,401
564,1179
565,1179
578,1192
658,1242
748,1242
782,376
1062,435
1070,422
1130,435
1140,435
1153,1169
1156,1165
1157,1203
1160,1165
1161,1165
1164,1165
1293,311
1300,311
1304,392
1319,402
56,1198
450,498
481,492
553,1218
596,216
599,273
610,280
768,266
773,697
1514,527
2,492
48,1198
77,1554
81,1433
98,253
163,1554
337,1553
407,1510
434,243
438,1515
563,253
576,253
578,253
580,253
762,638
770,270
782,753
995,1517
1046,638
1153,1169
1156,1165
1160,1165
1265,1137
1297,257
1300,1243
1304,257
1319,1433
450,308
462,612
465,255
474,306
475,1194
481,254
494,256
511,612
514,255
518,1239
520,306
521,1194
522,604
526,115
530,255
532,24
535,255
536,1244
539,1065
553,115
677,784
692,783
735,273
1155,785
1341,1362
1426,783
1446,635
1514,623
123,69
126,71
323,1362
407,1510
426,44
434,46
438,795
549,82
552,115
563,57
565,253
568,44
576,107
649,1367
650,295
651,763
658,1242
740,1367
748,1242
1004,763
1130,797
1153,1169
1156,1165
1160,1165
1300,1243
1304,608
1319,1270
12,702
215,265
240,290
242,292
450,498
481,492
596,264
599,273
600,556
610,280
760,403
768,266
773,410
1176,710
1246,492
11,556
209,257
212,270
223,263
224,273
247,301
762,638
770,270
782,753
995,362
1014,266
1143,1367
1167,657
1236,1030
1237,1555
1290,257
1293,311
1297,257
1300,311
1304,158
1319,402
229,593
261,589
278,593
296,197
450,498
481,492
728,1367
742,605
773,1325
939,1301
1446,635
1483,1342
212,593
223,608
247,1171
277,1515
407,1327
434,1332
438,44
649,1367
650,593
658,1242
740,1367
748,1242
762,589
770,593
955,1101
980,1202
995,1517
1089,1367
1153,1169
1156,1165
1159,1169
1160,1165
1161,513
1162,1202
1164,513
1265,1137
1268,1367
450,498
481,492
677,784
692,783
741,784
1068,783
1099,783
1155,785
1176,900
1246,492
1426,783
1483,374
2,492
11,556
72,557
81,1433
89,556
92,557
98,548
106,1039
116,558
121,1031
123,574
127,569
142,569
157,557
163,422
649,784
658,988
748,988
1062,435
1070,422
1130,797
1140,435
1152,785
1156,250
1158,785
1166,785
1167,785
1220,556
1236,851
1237,1555
1293,311
1300,311
1304,608
1319,402
494,483
517,470
522,476
530,255
535,255
536,1244
541,556
596,216
599,273
610,280
735,273
768,266
773,977
1155,1071
11,556
407,1274
434,46
438,133
650,295
651,1074
658,1242
698,1065
748,1242
762,1117
770,270
995,1517
1004,1074
1014,266
1153,1169
1156,1165
1160,1165
1297,257
1300,1243
1304,158
1319,1270
261,638
450,254
462,612
465,255
475,24
481,254
494,256
514,255
521,24
522,604
526,115
530,255
532,24
535,255
536,668
541,556
1155,785
1176,710
1246,110
1426,783
1446,635
1514,623
407,1327
434,1332
438,795
1130,797
1152,785
1156,250
1158,785
1160,256
1166,785
1167,657
1236,851
261,638
939,1548
1068,783
1099,783
1155,785
1426,783
72,557
81,1274
92,557
98,548
106,1039
116,558
121,1031
123,574
127,569
142,569
157,557
163,1554
407,1274
434,243
438,795
947,638
955,763
980,1202
1062,797
1070,786
1130,797
1140,797
1153,1169
1156,1165
1159,1169
1162,1202
1300,1243
1304,608
1319,1270
215,265
240,290
242,292
450,308
462,612
474,1469
475,621
481,308
494,271
511,612
520,1469
521,621
522,604
526,200
530,612
532,308
536,668
553,200
760,403
768,266
773,410
939,1301
1155,662
1176,710
1246,110
209,257
212,270
223,263
224,273
247,301
549,82
552,115
563,57
568,44
576,151
578,178
580,151
762,638
770,270
782,753
843,1347
947,638
955,640
958,753
965,640
980,662
995,362
1014,266
1044,316
1046,638
1152,657
1153,662
1156,304
1158,657
1159,662
1162,662
1166,657
1167,657
1236,662
1237,1127
1265,1137
1268,1367
215,265
240,290
242,292
494,483
517,470
522,476
530,612
536,1244
541,556
677,784
692,783
699,265
735,273
1155,785
1372,265
1514,623
11,556
72,557
81,1274
89,556
92,557
98,548
106,1274
116,558
123,574
127,569
142,569
157,557
212,270
217,558
223,263
224,273
247,301
407,1327
434,1332
438,795
649,784
650,295
658,1242
748,1242
1044,1337
1130,797
1153,1169
1156,1165
1160,1165
1361,265
34,1362
47,1362
215,1010
229,1072
261,589
278,1072
742,1072
760,403
773,410
777,1388
779,1367
939,1301
1155,1071
1176,1083
1483,374
81,1433
106,1365
116,603
163,1554
212,593
223,608
247,1469
649,1367
650,593
651,1074
658,1007
691,1367
740,1367
748,1007
762,589
770,593
782,376
852,1065
935,1074
955,1074
964,1084
965,1074
980,1071
991,1074
995,362
997,1082
1003,1082
1004,1074
1044,316
1046,1074
1143,1367
1152,1071
1153,1071
1156,472
1158,1071
1159,1071
1161,513
1162,1071
1164,513
1166,1071
1167,1071
1236,1009
1237,1071
215,265
240,290
242,292
450,308
462,612
474,306
475,24
481,308
494,271
520,306
521,24
522,604
526,200
530,612
532,24
535,24
536,316
539,1065
541,556
699,265
735,273
939,1301
1176,1125
1246,31
1372,265
1446,635
81,1433
92,557
98,181
106,1039
116,201
121,1031
209,257
212,270
223,263
224,273
247,301
650,295
651,763
658,851
698,1065
748,851
955,1074
965,763
991,815
995,362
1004,763
1014,266
1220,556
1236,851
1361,265
47,1362
56,1198
450,498
481,492
553,1218
760,1039
768,266
773,1325
1446,635
1483,1342
48,1198
81,1433
98,253
106,1365
121,1031
163,1365
407,1327
434,1332
438,1531
563,253
576,253
578,253
580,253
762,638
770,270
782,753
995,295
1153,1169
1156,1165
1160,1165
56,1198
215,265
240,290
242,292
494,483
517,470
522,476
530,612
536,1244
541,556
760,403
768,266
773,410
939,1301
81,1274
92,557
98,181
106,1039
116,201
121,1031
209,257
212,270
223,263
224,273
247,301
762,638
770,270
782,753
843,1347
947,638
980,1202
1062,171
1070,422
1130,707
1140,171
1153,1169
1156,1165
1159,1169
1160,1165
1162,1202
56,1198
261,638
450,498
481,492
553,200
596,216
610,225
760,1039
773,697
1155,1071
2,492
74,203
81,1433
92,151
98,181
106,1039
116,201
121,1031
407,1510
426,133
434,243
438,133
549,144
552,200
563,144
568,133
576,151
578,178
580,151
762,638
770,221
782,753
1153,1169
1156,1165
1160,1165
1265,1137
1300,1243
1304,158
1319,1433
56,1198
261,589
326,625
450,498
481,492
553,200
760,146
773,1325
777,246
939,1301
1390,244
1483,1342
1543,601
74,203
81,1433
92,151
98,181
116,201
407,1327
426,133
434,1332
438,133
549,144
552,200
563,144
568,133
576,151
578,178
580,151
650,221
658,1242
691,1218
748,1242
762,589
770,221
1044,1337
1062,171
1080,146
1112,146
1140,171
1364,1012
215,265
240,290
242,292
326,531
450,498
481,492
596,264
599,273
610,280
699,265
735,273
768,266
773,1474
805,1008
882,301
887,301
939,259
1372,265
1483,1163
209,257
212,270
223,263
224,273
247,301
337,1553
407,1510
434,46
438,133
650,295
658,1242
732,301
740,146
748,1242
770,270
995,295
1062,171
1140,171
1290,257
1297,257
1300,1243
1304,158
1319,87
229,1072
278,1072
296,197
450,498
481,492
610,118
677,784
692,783
939,1301
1426,783
1483,1342
209,812
223,68
247,1171
407,1327
434,1332
438,795
649,784
658,1242
748,1242
955,1074
1130,797
229,1072
278,1072
296,197
450,498
481,492
1176,900
1246,492
1426,783
2,492
11,556
212,593
223,608
407,1510
434,46
438,795
651,763
658,988
748,988
1004,763
1220,556
1236,851
1237,1555
1265,1137
1304,158
1319,87
47,1362
229,1072
278,1072
296,197
450,498
481,492
600,556
742,1072
760,403
773,410
779,1367
939,1301
1155,1071
1176,1034
1246,492
1483,374
1514,527
81,1433
92,557
98,181
106,1365
116,201
121,1031
209,1308
223,400
224,1072
247,491
649,1367
650,1074
658,1007
691,1367
740,1367
748,1007
782,376
852,1065
955,1074
980,1071
1143,1367
1152,1071
1153,1071
1156,510
1158,1071
1159,1071
1160,510
1161,513
1162,1071
1164,513
1166,1071
1167,1071
1220,556
1236,1009
1237,1071
215,265
240,290
242,292
494,483
517,470
522,476
530,612
536,1525
541,556
699,265
735,273
760,403
768,266
773,410
1176,900
1372,265
123,69
126,71
209,257
212,270
223,263
224,273
247,301
650,295
658,988
748,988
762,589
770,270
782,376
1220,556
1236,1009
1237,1555
1293,311
1300,311
1304,608
1319,402
229,1072
278,1072
450,498
481,492
610,118
760,403
773,410
123,69
126,71
212,393
223,400
651,1074
658,1242
748,1242
762,1117
782,376
995,362
1004,1074
1044,316
1265,1137
215,265
240,290
242,292
450,308
462,1179
474,306
475,1194
481,308
494,271
511,1179
514,1179
518,1239
520,306
521,1194
522,25
526,115
530,1194
532,24
535,24
536,1244
539,1065
553,200
596,264
599,273
610,280
735,273
760,403
768,266
773,410
887,301
939,1301
1019,293
1483,374
209,257
212,270
223,263
224,273
247,301
549,82
552,115
563,57
568,44
576,151
578,178
580,151
650,295
658,1242
698,1065
732,301
748,1242
762,273
770,270
782,376
843,1347
852,1065
951,1065
955,1074
1044,316
261,638
553,115
596,216
610,225
1068,783
1099,783
1155,785
1176,710
1426,783
1483,374
123,69
126,71
549,82
552,115
563,57
568,44
576,107
1062,435
1070,422
1130,797
1140,435
1152,785
1156,250
1158,785
1160,468
1166,785
1167,657
1236,851
1237,1555
1293,311
1300,311
1304,392
1319,402
215,265
240,290
242,292
494,483
517,470
522,476
536,1244
553,115
596,264
599,273
610,280
768,266
773,697
1019,293
1483,1163
123,69
126,71
209,257
212,270
223,263
224,273
247,301
407,1274
426,44
434,46
438,44
549,82
552,115
563,57
568,44
576,107
762,638
770,270
782,753
1046,638
1290,257
1297,257
1300,1243
1304,73
1319,1270
261,638
450,254
465,255
475,1194
481,254
494,256
514,255
518,1239
521,1194
522,25
526,200
530,255
532,24
535,255
536,1244
541,556
596,216
610,225
1426,783
81,1274
92,557
98,181
116,201
407,1274
434,243
438,795
1044,707
1046,638
1130,797
1300,1243
1304,158
1319,1270
215,265
240,290
242,292
599,273
610,280
699,265
735,273
741,784
1372,265
1483,374
72,557
77,29
81,1433
92,557
98,548
106,1039
116,558
121,1031
123,574
127,569
142,569
157,557
163,29
209,257
212,270
217,558
223,263
224,273
247,301
650,295
651,763
658,1242
748,1242
995,362
1004,763
1089,784
1265,1137
1290,257
1293,311
1297,257
1300,311
1304,392
1319,402
1361,265
215,265
240,290
242,292
553,200
1019,293
1155,785
1374,783
1426,783
1483,374
74,203
81,1433
92,151
98,181
106,1039
116,201
121,1031
209,257
212,270
223,263
224,273
247,301
549,144
552,200
563,144
568,133
576,151
578,178
580,151
1130,797
1153,1169
1156,1165
1293,311
1300,311
1304,158
1319,402
553,115
596,216
610,225
773,1325
777,246
939,1301
1176,1125
407,1327
426,133
434,1332
438,44
549,82
552,200
563,57
568,133
576,151
578,178
580,151
650,221
651,1119
658,1555
748,1555
762,1117
770,221
935,1101
955,1101
965,1113
995,1517
1004,1117
1046,1117
1236,1009
1237,1555
12,702
215,265
240,290
242,292
599,273
610,280
939,372
1155,785
1374,783
1514,527
2,492
11,556
209,257
212,270
223,263
224,273
247,301
947,638
955,1074
980,1202
995,362
1130,797
1153,1169
1156,1165
1159,1169
1160,1165
1162,1202
1290,257
1293,311
1297,257
1300,311
1304,158
1319,402
12,702
47,1362
450,254
462,612
465,255
473,1239
474,1469
475,1194
481,254
494,256
514,255
518,1239
519,1239
520,1469
521,1194
522,604
526,308
530,255
532,1194
535,255
536,1244
541,556
543,1469
939,1301
1068,783
1099,783
1483,1342
11,556
72,557
81,1433
89,556
92,557
98,548
106,1365
116,558
121,1031
123,574
127,569
142,569
157,557
163,1554
407,1327
434,1332
438,795
947,638
955,763
1062,1347
1070,786
1080,1362
1112,1362
1130,797
1140,1347
450,498
481,492
596,216
600,556
610,225
773,1325
1176,900
1246,492
11,556
48,569
72,557
81,1433
89,556
92,557
98,548
106,1554
116,558
123,574
127,569
142,569
157,557
163,1554
407,1327
434,1332
651,1074
658,988
698,1065
748,988
770,221
852,1065
995,1548
1004,1074
1044,1337
1220,556
1236,1154
229,1072
278,1072
296,197
450,498
481,492
1155,785
1426,783
2,492
11,556
89,556
92,557
98,181
116,201
209,812
223,400
651,763
658,1242
698,1065
748,1242
995,362
1004,763
1044,316
1153,1169
1156,1165
1160,1165
1161,513
1164,513
1265,1137
1293,311
1300,311
1304,158
1319,402
229,1072
278,1072
296,197
494,483
517,470
522,476
536,1244
553,115
610,118
677,784
692,783
1155,785
1426,783
1514,483
209,812
223,400
277,1515
549,82
552,200
563,57
568,44
576,151
578,178
580,151
649,784
658,1242
698,1065
748,1242
1130,797
1153,1169
1156,1165
1160,1165
1161,464
1164,1165
1293,311
1300,311
1304,158
1319,402
242,197
291,1554
296,197
450,200
474,1469
475,24
481,31
494,25
520,1469
521,24
522,25
526,115
530,181
532,24
535,24
536,1525
553,200
600,111
773,977
1176,900
1246,110
1379,1137
223,68
337,1553
407,1510
426,44
434,46
438,44
549,82
552,115
563,57
568,133
576,151
578,178
580,151
658,988
748,988
762,1117
1236,1009
1237,1555
1265,1137
1304,158
1319,87
12,702
450,254
462,612
465,255
474,306
475,621
481,254
494,256
514,255
520,306
521,621
522,604
526,200
530,255
532,255
535,255
536,668
541,556
760,146
768,266
773,1325
777,246
939,1301
1176,710
1246,1065
11,556
81,1274
89,556
92,557
98,181
116,201
407,1327
434,1332
438,133
762,638
770,270
782,753
843,1347
947,638
955,1074
1044,1337
1046,638
1167,657
1236,1009
450,498
481,492
553,200
1155,785
1374,783
1379,1137
1426,783
407,1327
426,44
434,1332
438,795
549,82
552,115
563,144
568,133
576,151
578,178
580,151
1014,266
1153,1169
1156,1165
1265,1137
47,1362
78,1137
261,638
494,483
517,470
522,476
530,255
535,255
536,668
541,556
773,1325
1176,710
1379,1137
1483,1342
11,556
48,569
72,557
77,1365
81,688
89,556
92,557
98,548
106,1365
116,558
123,574
127,569
142,569
157,557
163,1365
407,1327
434,1332
762,638
770,221
782,753
843,1347
1046,638
1167,657
1236,1009
1265,1137
1268,1367
1283,1363
450,498
481,492
553,200
760,403
768,266
773,410
777,246
939,372
1155,662
1176,710
1246,492
74,203
81,1274
92,151
98,181
106,1039
116,201
121,1031
549,144
552,200
563,144
568,133
576,151
578,178
580,151
762,638
770,270
782,753
947,638
980,662
1152,657
1153,662
1156,304
1158,657
1159,662
1160,510
1162,662
1166,657
1167,657
1236,1009
1237,1127
1293,311
1300,311
1304,158
1319,402
242,1554
291,1554
296,556
450,115
474,1469
475,557
481,115
520,1469
521,557
526,115
530,548
532,557
536,1525
541,556
600,556
610,118
760,403
773,410
1176,900
1246,110
11,556
123,69
126,71
223,400
658,988
748,988
762,1117
782,376
843,1347
1044,316
1220,556
1236,1127
1265,1137
229,1072
278,1072
296,197
450,498
481,492
1155,785
1426,783
1483,1342
209,812
223,68
407,1327
434,1332
438,795
651,763
658,1242
698,1065
748,1242
1004,763
1153,1169
1156,1165
1161,513
1164,513
1265,1137
229,1072
278,1072
450,115
481,115
526,115
536,1525
539,1065
553,115
600,111
610,118
760,403
773,410
1176,900
1246,110
1483,374
123,69
126,71
212,393
223,400
277,1515
549,82
552,115
563,57
568,44
576,107
651,1074
658,988
698,1065
748,988
762,1117
782,376
995,362
1004,1074
1044,316
1236,1127
1237,1555
1265,1137
1293,311
1297,1533
1300,311
1304,392
1319,402
34,1362
47,1362
229,1072
278,1072
450,498
481,492
1155,785
1426,783
72,557
81,1274
92,557
98,548
106,1365
116,558
121,1031
123,574
126,571
127,569
142,569
157,557
163,29
212,593
217,558
223,608
323,1362
407,1510
434,1243
438,795
649,1367
651,763
658,1242
698,1065
740,1367
748,1242
1004,763
1153,1169
1156,1165
1161,513
1164,513
1300,1243
1304,608
1319,1270
261,638
450,498
481,492
939,1301
1155,785
1176,710
1246,492
1483,1342
1514,623
11,556
407,1327
434,1332
438,795
947,638
955,1074
980,1071
1046,638
1152,785
1153,785
1156,250
1158,785
1159,785
1160,510
1162,785
1166,785
1167,657
1236,851
1237,1127
1265,1137
1268,1367
215,265
240,290
242,292
494,483
517,470
522,476
536,1244
541,556
599,273
610,280
677,784
692,783
699,265
735,273
887,301
939,372
1019,293
1155,785
1372,265
1483,374
1514,483
123,69
126,71
209,257
212,270
223,263
224,273
247,301
649,784
650,295
658,1242
698,1065
732,301
748,1242
955,1074
980,1202
1130,797
1153,1169
1156,1165
1159,1169
1160,1165
1162,1202
1290,257
1293,311
1297,257
1300,311
1304,392
1319,402
450,498
481,492
553,115
768,266
773,1325
123,69
126,71
407,1327
426,44
434,1332
438,44
549,82
552,115
563,57
568,44
576,107
762,638
770,270
782,753
995,1517
450,254
462,255
465,255
475,1194
481,254
494,256
511,1179
514,255
518,1239
521,1194
526,115
530,255
532,1194
535,255
536,1244
539,1065
553,115
596,216
610,225
939,1301
1426,783
123,69
126,71
549,82
552,115
563,57
565,253
568,44
576,107
651,763
658,1242
748,1242
955,1074
991,815
995,362
1004,763
1265,1137
229,1072
278,1072
296,197
450,200
475,1194
481,31
494,25
518,1239
521,1194
522,25
526,115
530,1194
532,24
535,24
536,1244
539,1065
541,556
610,118
1155,785
1483,374
209,812
223,400
245,1205
277,1515
300,1205
649,1367
658,1242
698,1065
740,1367
748,1242
1153,1169
1156,1165
1160,1165
1161,1165
1164,1165
1265,1137
1268,1367
1293,311
1300,311
1304,158
1319,402
450,498
481,492
677,784
692,783
1155,785
1426,783
1483,374
11,556
123,69
126,71
649,1367
651,763
658,1242
740,1367
748,1242
995,362
1004,763
1044,316
1130,797
1153,1169
1156,1165
1268,1367
1293,311
1300,311
1304,608
1319,402
34,1362
47,1362
56,569
450,254
465,255
474,1469
475,24
477,1065
481,254
488,1065
494,256
514,255
520,1469
521,24
522,25
526,254
530,255
532,24
535,255
536,1525
539,1065
541,556
543,1469
596,216
600,556
610,225
773,1325
777,246
779,1367
939,1301
1095,1065
1176,1083
1246,31
1483,1342
48,569
72,557
77,1554
81,1433
92,557
98,548
106,1365
116,558
123,574
127,569
142,569
157,557
163,1554
407,1327
434,1332
438,1566
649,1367
650,221
651,1074
658,1555
691,1367
740,1367
748,1555
762,216
770,221
843,1347
852,1065
935,1074
955,1074
964,1084
965,1074
995,1517
1004,1074
1044,1337
1046,1074
1143,1367
1220,556
1236,1009
1237,1555
1268,1367
1283,1363
450,498
481,492
760,403
768,266
773,410
777,246
939,1301
1176,710
1246,492
1446,635
123,69
126,71
762,638
770,270
782,753
947,638
955,640
965,640
995,362
1044,316
1046,638
1167,657
1236,1009
12,702
261,638
596,216
600,556
610,225
1176,710
2,492
11,556
89,556
92,557
98,181
106,1039
116,201
121,1031
407,1327
434,1332
438,795
1130,797
1167,657
1236,851
553,115
596,216
610,225
741,784
1176,900
1426,783
1483,374
123,69
126,71
549,82
552,115
563,57
568,44
576,107
651,763
658,988
748,988
995,362
1004,763
1089,784
1236,851
1237,1555
12,702
56,1198
760,403
768,266
773,410
1446,635
1483,374
11,556
81,1274
89,556
92,557
98,181
106,1039
116,201
121,1031
762,638
770,270
782,753
995,362
56,1198
494,483
517,470
522,476
530,255
535,255
536,1244
541,556
699,265
735,273
760,403
768,266
773,410
1019,293
1053,293
1483,374
1484,293
48,1198
72,557
81,1274
92,557
98,548
106,1554
116,558
123,574
127,569
142,569
157,557
163,1554
650,295
658,1242
748,1242
762,589
770,270
782,376
1044,316
1062,435
1070,422
1130,435
1140,435
1293,311
1300,311
1304,608
1319,402
47,1362
261,638
278,1072
296,197
450,498
481,492
600,556
1176,710
1246,492
92,557
98,181
106,1365
116,201
209,812
223,158
277,1515
407,1327
434,1332
438,795
1046,638
1167,657
1236,851
1265,1137
1268,1367
1283,1363
78,1137
494,483
517,470
522,476
530,255
535,255
536,1244
553,200
596,216
610,225
675,1137
741,784
744,1137
1155,785
1379,1137
1514,483
74,203
92,151
98,181
116,201
549,144
552,200
563,144
568,133
576,151
578,178
580,151
658,1242
748,1242
1044,316
1153,1169
1156,1165
1160,1165
1265,1137
47,1362
215,265
240,290
242,292
494,483
517,470
522,476
536,668
541,556
596,264
599,273
600,556
610,280
768,266
773,697
1155,1071
1176,710
1478,1363
11,556
48,569
72,557
81,1433
89,556
92,557
98,548
106,1365
116,558
123,574
127,569
142,569
157,557
163,1554
212,270
217,558
223,263
224,273
247,301
345,1363
407,1510
434,1289
762,638
770,270
782,753
1046,638
1152,1071
1156,304
1158,1071
1160,468
1166,1071
1167,657
1236,1009
1263,1065
1319,1270
1350,1363
215,265
240,290
242,292
450,308
474,306
475,24
481,308
494,271
520,306
521,24
522,25
526,200
530,181
532,24
535,24
536,668
541,556
596,264
599,273
600,556
610,280
760,403
768,266
773,410
1176,710
1246,110
1483,374
209,257
212,270
223,263
224,273
247,301
762,638
770,270
782,753
995,362
1062,171
1070,422
1130,707
1140,171
1167,657
1236,1009
1290,257
1293,311
1297,257
1300,311
1304,158
1319,402
34,1362
47,1362
229,1072
278,1072
450,498
481,492
600,556
760,403
773,410
779,1367
1176,900
1246,492
11,556
48,569
72,557
81,1433
89,556
92,557
98,548
106,1365
116,558
123,574
127,569
142,569
157,557
163,1554
209,1308
217,558
223,400
277,1515
649,1367
658,988
691,1367
698,1065
740,1367
748,988
782,376
852,1065
1044,316
1143,1367
1220,556
1236,1154
215,265
240,290
242,292
450,308
462,612
473,1239
474,1469
475,1194
481,308
494,271
518,1239
519,1239
520,1469
521,1194
522,604
526,308
530,612
532,24
535,24
536,1244
541,556
543,1469
677,784
692,783
728,784
735,273
741,784
887,301
939,259
1068,783
1099,783
1426,783
1483,1163
72,557
77,29
92,557
98,548
106,1039
116,558
121,1031
123,574
126,571
127,569
142,569
157,557
163,29
209,257
212,270
217,558
223,263
224,273
247,301
407,1510
434,1243
438,795
649,784
650,295
658,1242
748,1242
955,763
1062,797
1070,786
1130,797
1140,797
1300,1243
1304,608
1319,1431
1361,265
450,254
462,255
465,255
466,255
469,255
471,253
474,306
475,24
481,254
494,256
511,255
514,255
515,255
517,253
518,253
520,306
521,24
522,25
526,254
530,255
532,24
535,255
536,668
553,254
596,216
599,273
610,280
760,1039
768,266
773,697
1176,710
1246,31
33,253
36,253
39,253
45,255
54,253
77,1554
81,1433
98,253
106,1039
121,1031
123,207
127,255
130,255
142,255
163,1554
337,1553
407,1510
434,243
438,1566
544,255
562,253
563,253
564,253
565,253
567,255
576,253
578,253
580,253
762,638
770,270
782,753
1062,1554
1130,707
1138,1029
1140,707
1167,657
1213,1057
1236,1009
1237,1555
1268,683
1297,257
1300,265
1304,257
1319,1433
78,1137
450,498
481,492
553,254
596,216
610,225
741,784
1176,900
1246,492
1379,1137
1426,783
81,1433
98,253
106,1039
121,1031
123,207
163,1554
563,253
576,253
578,253
580,253
651,763
658,988
748,988
995,362
1004,763
1089,784
1236,851
1237,1555
1293,311
1300,311
1304,392
1319,402
261,638
278,1072
553,115
760,403
773,410
939,372
1155,1071
1176,710
1379,1137
123,69
126,71
212,593
223,608
549,82
552,115
563,57
568,44
576,107
762,638
770,593
782,753
947,638
955,1074
980,1071
1044,316
1046,638
1152,1071
1153,1071
1156,472
1158,1071
1159,1071
1160,468
1161,513
1162,1071
1164,513
1166,1071
1167,657
1236,1009
1237,1127
1265,1137
1268,1367
1293,311
1300,311
1304,608
1319,402
56,569
215,1010
229,593
261,589
278,593
291,1554
296,588
494,483
517,470
522,476
530,612
536,316
541,556
742,605
760,403
773,410
777,1388
939,1301
1176,1009
11,556
48,569
72,557
81,1274
89,556
92,557
98,548
106,1554
116,558
123,574
127,569
142,569
157,557
163,1554
212,593
217,558
223,608
247,614
277,463
650,593
658,1007
748,1007
762,589
770,593
782,376
843,1347
1044,316
1062,1347
1070,422
1130,435
1140,1347
1220,556
1236,1009
1361,545
34,1362
47,1362
261,589
728,1367
741,784
939,372
1155,785
1176,1125
11,556
72,557
89,556
92,557
98,548
106,1365
116,558
123,574
127,569
142,569
157,557
163,1365
649,1367
658,851
740,1367
748,851
955,763
980,785
1044,316
1152,785
1153,785
1156,250
1158,785
1159,785
1162,785
1166,785
1167,785
1220,556
1236,851
1237,1127
1265,1137
1268,1367
1283,1363
1293,311
1300,311
1304,608
1319,402
450,254
462,612
465,255
474,306
475,24
481,254
494,256
514,255
520,306
521,24
522,604
526,115
530,255
532,24
535,255
536,316
539,1065
541,556
699,265
735,273
760,403
768,266
773,410
1019,293
1155,1071
1176,900
1246,110
1483,374
123,69
126,71
650,295
658,988
698,1065
748,988
762,589
770,270
782,376
843,1347
1152,1071
1156,304
1158,1071
1160,256
1166,1071
1167,1071
1220,556
1236,1030
1237,1555
1265,1137
242,1554
291,1554
494,483
517,470
522,476
536,1244
553,115
741,784
1155,785
1426,783
123,69
126,71
209,812
223,400
277,1515
549,82
552,115
563,57
568,44
576,107
649,1367
651,763
658,1242
740,1367
748,1242
995,362
1004,763
1089,784
1153,1169
1156,1165
1160,1165
1161,464
1164,1165
1265,1137
1268,1367
1293,311
1300,311
1304,392
1319,402
215,265
240,290
242,292
450,308
474,306
475,308
481,308
494,271
520,306
521,308
526,115
530,548
532,557
536,316
541,556
599,273
600,556
610,280
735,273
741,784
1176,900
1246,110
11,556
123,69
126,71
209,257
212,270
223,263
224,273
247,301
650,295
658,988
748,988
1044,316
1220,556
1236,851
1237,1555
1290,257
1293,311
1297,257
1300,311
1304,392
1319,402
215,265
240,290
242,292
450,498
481,492
553,200
677,1367
735,273
760,403
768,266
773,410
779,1367
1019,293
1446,635
1483,374
209,257
212,270
223,263
224,273
247,301
549,82
552,200
563,144
568,44
576,151
578,178
580,151
649,1367
650,295
658,1242
691,1367
740,1367
748,1242
762,589
770,270
782,376
995,362
1014,266
1062,171
1070,422
1080,1362
1089,1367
1112,1362
1130,435
1140,171
1143,1367
1153,1169
1156,1165
1160,1165
1268,1367
12,702
242,197
261,638
291,197
296,197
494,483
517,470
522,476
530,612
536,668
553,200
760,403
773,410
939,1301
1155,662
1176,710
1483,374
212,593
223,608
277,1515
549,82
552,200
563,144
568,44
576,151
578,178
580,151
762,638
770,593
782,753
843,1347
947,638
955,640
965,640
980,662
995,362
1044,316
1046,638
1062,171
1070,422
1130,707
1140,171
1152,657
1153,662
1156,472
1158,657
1159,662
1161,464
1162,662
1166,657
1167,657
1236,1009
1237,1555
494,483
517,470
522,476
530,255
535,255
536,316
553,115
596,216
600,111
610,225
728,1367
741,784
939,1301
1176,1125
1483,374
549,82
552,200
563,57
568,133
576,151
578,178
580,151
649,1367
658,1555
740,1367
748,1555
955,763
1044,316
1236,851
1237,1555
1265,1137
1268,1367
56,1198
78,1137
242,197
261,638
291,1554
296,197
494,483
517,470
522,476
536,1244
541,556
760,403
773,410
1379,1137
81,688
92,557
98,181
106,1039
116,201
121,1031
223,400
277,1515
762,638
782,753
843,1347
995,362
1265,1137
450,498
481,492
553,115
610,118
741,784
1155,785
1426,783
1483,1342
123,69
126,71
209,812
223,68
407,1327
426,44
434,1332
438,795
549,82
552,115
563,57
568,44
576,107
649,1367
651,763
658,1242
740,1367
748,1242
1004,763
1089,784
1153,1169
1156,1165
1161,513
1164,513
1265,1137
1268,1367
47,1362
215,265
240,290
242,292
450,498
481,492
768,266
773,1325
1155,1071
1176,710
1246,492
1514,623
11,556
48,569
72,557
81,1274
89,556
92,557
98,548
106,1365
116,558
123,574
127,569
142,569
157,557
163,1554
212,270
217,558
223,263
224,273
247,301
407,1327
434,1332
762,638
770,270
782,753
1046,638
1152,1071
1156,304
1158,1071
1160,510
1166,1071
1167,657
1236,662
78,1137
450,498
481,492
939,372
1155,785
1176,710
1246,492
1374,783
1379,1137
1483,374
11,556
72,557
81,1433
89,556
92,557
98,548
106,1039
116,558
121,1031
123,574
127,569
142,569
157,557
163,1554
947,638
955,1074
980,1071
1152,785
1153,785
1156,304
1158,785
1159,785
1160,510
1162,785
1166,785
1167,657
1236,851
1237,1555
1293,311
1300,311
1304,608
1319,402
494,483
517,470
522,476
530,255
535,255
536,1465
553,115
677,784
692,783
735,273
1040,783
1176,900
1358,783
1374,783
1426,783
123,69
126,71
549,82
552,115
563,57
568,44
576,107
649,1367
650,295
651,763
658,988
698,1065
740,1367
748,988
995,362
1004,763
1014,266
1044,316
1130,797
1236,851
1268,1367
1293,311
1300,311
1304,608
1319,402
450,498
481,492
596,216
599,273
600,556
610,280
728,1367
735,273
741,784
939,1301
1176,1125
1246,492
1426,783
1483,1342
123,69
126,71
407,1327
434,1332
438,795
649,1367
650,295
658,851
732,301
740,1367
748,851
955,763
1220,556
1236,851
1265,1137
1268,1367
12,702
261,638
553,200
596,216
610,225
1026,783
1068,783
1099,783
1155,785
1176,710
1374,783
1426,783
2,492
74,203
81,1433
92,151
98,181
116,201
407,1327
426,133
434,1332
438,795
549,144
552,200
563,144
568,133
576,151
578,178
580,151
1044,1337
1046,638
1062,171
1070,786
1080,146
1112,146
1130,797
1140,171
1152,785
1156,250
1158,785
1166,785
1167,657
1236,851
1237,1555
12,702
56,1198
242,1554
261,638
291,1554
296,556
494,483
517,470
522,476
536,1244
541,556
760,403
773,410
1483,374
1514,483
11,556
48,1198
72,557
81,1433
89,556
92,557
98,548
106,1039
116,558
121,1031
123,574
127,569
142,569
157,557
163,1554
209,377
217,558
223,400
277,1515
762,638
782,753
1062,435
1070,422
1087,556
1130,707
1140,435
1153,1169
1156,1165
1160,1165
1161,464
1164,1165
1304,392
1319,402
229,1072
278,1072
773,1325
1176,900
1446,635
1483,1342
11,556
123,69
126,71
212,593
223,608
407,1327
434,1332
438,44
649,1367
651,1074
658,988
698,1065
740,1367
748,988
762,589
770,593
995,1548
1004,1074
1220,556
1236,1030
1237,1555
1265,1137
1268,1367
261,638
278,1072
296,556
494,483
517,470
522,476
536,1244
541,556
610,118
760,403
773,410
939,1301
1483,374
123,69
126,71
223,400
762,638
782,753
843,1347
947,638
955,1074
995,362
1044,316
1046,638
47,1362
450,308
462,612
465,255
469,255
474,1469
475,1194
481,308
494,256
511,612
514,255
518,1239
520,1469
521,1194
522,604
526,200
530,255
532,24
535,255
536,1244
553,200
735,273
741,784
1426,783
1483,1342
74,203
81,1433
92,151
98,181
106,1365
116,201
121,1031
407,1327
426,133
434,1332
438,795
549,144
552,200
563,144
565,253
568,133
576,151
578,178
580,151
649,1367
650,295
651,763
658,1242
740,1367
748,1242
1004,763
1089,784
47,1362
56,1198
78,1137
261,638
494,483
517,470
522,476
530,255
535,255
536,1244
553,1218
596,216
610,225
760,1039
773,697
1155,1071
1379,1137
48,1198
66,1362
81,1433
98,253
106,1365
121,1031
123,207
163,29
164,1367
407,1274
434,243
438,1515
563,253
576,253
578,253
580,253
584,1367
762,638
770,221
782,753
995,1517
1153,1169
1156,1165
1300,1243
1319,1270
47,1362
494,483
517,470
522,476
530,255
535,255
536,668
553,200
768,266
773,697
777,246
939,259
1155,1071
1176,710
74,203
81,1433
92,151
98,181
106,1365
116,201
407,1274
426,133
434,243
438,133
549,144
552,200
563,144
568,133
576,151
578,178
580,151
762,638
770,270
782,753
947,638
955,1074
965,640
980,1071
995,1548
1046,638
1152,1071
1153,1071
1156,304
1158,1071
1159,1071
1162,1071
1166,1071
1167,657
1236,1009
1237,1127
1304,158
1319,1270
261,638
450,498
481,492
553,115
596,216
610,225
1176,710
1246,492
1426,783
123,69
126,71
549,82
552,115
563,57
568,44
576,107
1167,657
1236,851
1265,1137
1268,1367
1293,311
1300,311
1304,392
1319,402
494,483
517,470
522,476
530,255
535,255
536,668
553,115
596,216
599,273
600,111
610,280
768,266
773,697
1176,710
123,69
126,71
407,1510
426,44
434,46
438,44
549,82
552,115
563,57
568,44
576,107
762,638
770,270
782,753
995,1548
1014,266
1044,707
1046,638
1167,657
1236,662
1237,1555
1297,257
1304,73
1319,1270
261,787
450,498
481,492
596,216
610,225
939,1548
1155,785
1426,783
2,492
11,556
72,557
81,1433
89,556
92,557
98,548
116,558
123,574
126,571
127,569
142,569
157,557
407,1510
434,243
438,795
651,763
658,1242
698,1065
748,1242
955,1074
980,1202
991,815
1004,763
1046,787
1153,1169
1156,1165
1159,1169
1162,1202
1265,1137
1300,1243
1319,1433
728,1367
735,273
741,784
939,372
1155,785
1176,1125
1514,623
11,556
123,69
126,71
649,1367
650,295
658,1555
740,1367
748,1555
955,763
980,785
1044,316
1152,785
1153,785
1156,304
1158,785
1159,785
1160,468
1162,785
1166,785
1167,785
1220,556
1236,851
1237,1555
1265,1137
1268,1367
1293,311
1300,311
1304,608
1319,402
450,254
462,255
465,255
474,306
475,254
481,254
494,256
511,255
514,255
520,306
521,254
526,115
530,255
532,255
535,255
536,1525
553,115
596,216
599,273
600,111
606,1137
610,280
728,1367
735,273
744,1137
760,403
768,266
773,410
777,246
803,422
888,301
939,372
1017,1137
1019,293
1176,1125
1246,110
1379,1137
1483,374
123,69
126,71
549,82
552,115
563,57
565,253
568,44
576,107
649,1367
650,295
658,1555
732,301
740,1367
748,1555
762,1117
770,270
782,376
881,422
1044,316
1045,1137
1236,1127
1237,1555
1293,311
1297,257
1300,311
1304,392
1319,402
12,702
261,638
450,498
481,492
939,372
1068,783
1099,783
1176,710
1246,492
1446,635
1483,374
11,556
72,557
81,1274
89,556
92,557
98,548
106,1039
116,558
121,1031
123,574
127,569
142,569
157,557
212,593
217,558
223,608
277,1515
947,638
955,763
965,640
995,362
1062,435
1070,422
1130,797
1140,435
1167,657
1236,851
1237,1555
1304,608
1319,402
261,638
494,483
517,470
522,476
530,255
535,255
536,668
553,115
773,697
777,246
1155,1071
1176,710
1379,1137
1478,1363
407,1274
426,44
434,46
438,44
549,82
552,200
563,144
568,133
576,151
578,178
580,151
762,638
770,221
782,753
947,638
955,1074
980,1071
1152,1071
1153,1071
1156,250
1158,1071
1159,1071
1162,1071
1166,1071
1167,657
1236,1009
1237,1127
1304,158
1319,1270
34,1362
47,1362
56,1198
229,593
261,589
278,593
291,1554
296,588
450,557
462,612
473,1239
474,1469
475,1194
481,31
494,635
518,1239
519,1239
520,1469
521,1194
522,604
530,612
532,24
535,24
536,1244
541,556
543,1469
677,1367
728,1367
742,605
760,403
773,410
777,1388
779,1367
939,372
48,1198
72,557
77,1554
81,1433
92,557
98,548
106,1365
116,558
121,1031
123,574
127,569
142,569
157,557
163,1554
212,593
217,558
223,608
247,1171
649,1367
650,593
658,1242
691,1367
740,1367
748,1242
762,589
770,593
782,376
995,362
1062,435
1070,422
1080,1362
1089,1367
1112,1362
1130,435
1140,435
1143,1367
1268,1367
1283,1363
1293,311
1300,311
1304,608
1319,402
47,1362
215,265
240,290
242,292
450,498
481,492
553,1218
599,273
610,280
1155,785
74,1239
77,1554
92,1218
106,1365
121,1031
123,297
163,1554
209,257
212,270
217,1239
223,263
224,273
247,301
370,1239
407,1327
434,1332
438,795
549,1239
552,1218
576,1239
1014,266
1153,1169
1156,1165
1265,1137
1268,1367
1283,1363
494,483
517,470
522,476
530,255
535,255
536,1465
553,200
596,216
599,273
600,194
610,280
735,273
760,1039
768,266
773,1325
1019,293
1176,900
1483,1342
11,194
74,203
81,1274
92,151
98,181
106,1039
116,201
121,1031
407,1327
426,133
434,1332
438,133
549,144
552,200
563,144
568,133
576,151
578,178
580,151
650,295
658,988
748,988
762,1117
770,270
843,1347
1156,304
1220,194
1236,1030
47,1362
56,1198
553,200
596,216
599,273
610,280
735,273
760,1039
768,266
773,1325
777,246
939,1301
1017,1137
1019,293
1483,1342
74,203
81,1433
92,151
98,181
106,1365
116,201
121,1031
407,1327
426,133
434,1332
438,133
549,144
552,200
563,144
568,133
576,151
578,178
580,151
649,1367
650,295
651,1074
658,1242
698,1065
732,301
740,1367
748,1242
762,1117
770,270
955,1074
995,295
1004,1074
1014,266
1265,1137
1268,1367
1283,1363
296,197
553,200
610,1507
677,784
692,783
741,784
1068,783
1099,783
1374,783
1390,1039
74,203
81,1274
92,151
98,181
106,1039
116,201
121,1031
209,812
223,158
277,1515
407,1327
426,133
434,1332
438,795
549,144
552,200
563,144
568,133
576,151
578,178
580,151
649,784
651,763
658,1242
740,784
748,1242
1004,763
1062,171
1070,786
1080,146
1089,784
1112,146
1130,797
1140,171
261,638
278,1072
296,197
450,498
481,492
939,1301
1155,785
1483,1342
92,557
98,181
106,1039
116,201
121,1031
212,593
223,608
277,1515
407,1327
434,1332
438,795
947,638
955,1074
980,1202
1130,797
1153,1169
1156,1165
1159,1169
1161,513
1162,1202
1164,513
47,1362
450,498
481,492
677,1367
760,1039
773,1325
779,1367
1176,900
1246,492
1483,1342
11,556
81,1433
89,556
92,557
98,181
106,1365
116,201
121,1031
407,1327
434,1332
438,133
649,1367
658,988
691,1367
740,1367
748,988
762,589
770,221
1062,171
1080,1362
1112,1362
1140,171
1143,1367
1220,556
1236,1009
1268,1367
1283,1363
450,254
462,612
465,255
474,1469
475,24
481,254
494,256
514,255
520,1469
521,24
522,604
526,115
530,255
532,24
535,255
536,1465
539,1065
541,556
735,273
744,1137
760,403
768,266
773,410
1019,293
1176,900
1246,110
1379,1137
1483,374
123,69
126,71
650,295
658,988
698,1065
748,988
762,589
770,270
782,376
843,1347
1044,316
1220,556
1236,1127
1237,1555
494,483
517,470
522,476
530,255
535,255
536,1244
541,556
596,216
599,273
610,280
677,784
692,783
735,273
1374,783
1426,783
123,69
126,71
407,1274
434,46
438,795
649,784
650,295
658,1242
698,1065
748,1242
1130,797
1297,257
1300,1243
1304,73
1319,1270
12,702
261,638
450,498
481,492
596,216
610,225
1426,783
1483,1342
11,556
123,69
126,71
407,1327
434,1332
438,795
1130,797
494,483
517,470
522,476
530,255
535,255
536,668
541,556
596,216
599,273
600,556
610,280
1019,293
1155,785
1176,710
1426,783
1483,374
11,556
995,362
1014,266
1044,316
1046,638
1152,785
1156,250
1158,785
1160,468
1166,785
1167,657
1236,851
1265,1137
1268,1367
215,265
240,290
242,292
450,498
481,492
939,1301
1155,785
1176,710
1246,492
1426,783
2,492
11,556
209,257
212,270
223,263
224,273
247,301
407,1327
434,1332
438,795
947,638
955,763
965,640
980,785
1014,266
1152,785
1153,785
1156,304
1158,785
1159,785
1162,785
1166,785
1167,657
1236,851
1237,1127
1265,1137
261,638
291,1554
296,588
450,115
462,612
474,1469
475,1194
481,115
494,635
518,1239
520,1469
521,1194
522,604
526,115
530,612
532,1194
536,1244
541,556
1374,783
1483,374
11,556
123,69
126,71
212,593
223,608
1044,316
1046,638
1293,311
1300,311
1304,608
1319,402
56,1198
78,1137
229,593
261,589
278,593
296,197
450,498
481,492
675,1137
742,605
744,1137
768,592
773,1325
939,1301
1379,1137
81,1433
92,557
98,181
116,201
212,593
223,608
247,1171
407,1327
434,1332
438,133
650,593
651,1119
658,1242
748,1242
762,589
770,593
935,589
955,1101
991,1119
995,1548
1003,1135
1004,1117
1045,1137
1046,1117
1265,1137
229,1072
278,1072
450,498
481,492
600,556
610,118
939,372
1176,1125
1246,492
1426,783
1483,374
123,69
126,71
209,812
223,400
247,1469
658,1555
748,1555
955,1074
1220,556
1236,851
1237,1555
1293,311
1300,311
1304,392
1319,402
450,254
462,612
465,255
469,255
474,1469
475,1194
477,1065
481,254
488,1065
494,256
511,612
514,255
518,1239
520,1469
521,1194
522,604
526,200
530,255
532,1194
535,255
536,1244
539,1065
543,1469
553,200
677,784
692,783
699,265
735,273
1155,785
74,203
81,1433
92,151
98,181
116,201
337,1553
407,1510
426,133
434,243
438,795
549,144
552,200
563,144
565,253
568,133
576,151
578,178
580,151
649,784
650,295
651,763
658,1242
748,1242
1004,763
1130,797
1153,1169
1156,1165
1300,1243
1304,158
1319,1433
242,1554
291,1554
462,1314
465,1314
466,1314
469,1314
474,1314
475,1425
511,1314
514,1314
515,1314
518,1314
520,1314
521,1425
530,1314
532,1314
535,1314
536,1525
543,1314
600,439
760,403
773,410
1176,900
39,1314
81,1274
98,1314
106,1039
121,1031
123,1314
127,1314
134,1529
142,1314
163,1554
209,1308
223,400
245,1496
277,1515
300,1496
544,1314
562,1314
563,401
564,1314
565,1314
578,1314
580,1314
658,988
748,988
782,376
843,1347
1062,1347
1070,422
1130,435
1140,1347
1157,1314
1236,1030
215,265
240,290
242,292
450,308
474,306
475,1194
481,308
494,271
518,1239
520,306
521,1194
526,115
530,1194
532,1194
536,1244
541,556
599,273
610,280
939,1301
1155,785
1426,783
1514,271
11,556
123,69
126,71
209,257
212,270
223,263
224,273
247,301
407,1327
434,1332
438,795
947,638
955,763
980,1202
1153,1169
1156,1165
1159,1169
1160,1165
1162,1202
261,589
450,498
481,492
939,1301
1176,1125
1246,492
1374,783
1483,374
11,556
123,69
126,71
651,763
658,851
698,1065
748,851
955,1074
965,763
991,815
995,362
1004,763
1044,316
1046,787
1220,556
1236,851
47,1362
261,638
278,1072
296,588
450,31
462,612
465,612
466,612
469,612
474,1469
475,24
481,31
494,635
511,612
514,612
515,612
520,1469
521,24
522,604
530,612
532,24
535,24
536,668
543,1469
553,603
1176,710
1246,31
1374,783
1426,783
80,784
81,1433
98,612
106,1365
116,603
121,1031
123,401
163,1554
180,783
212,593
223,608
277,1515
547,783
562,612
563,401
564,612
565,612
578,612
583,783
1130,797
1167,657
1236,851
1293,311
1300,311
1304,608
1319,402
494,483
517,470
522,476
530,255
535,255
536,1244
553,1218
596,216
599,273
610,280
1426,783
80,784
81,1433
98,253
106,1039
121,1031
123,207
163,1554
180,783
407,1510
434,243
438,795
547,783
563,253
576,253
578,253
580,253
584,784
1130,797
1297,257
1300,1243
1304,257
1319,1270
215,265
240,290
242,292
450,308
462,612
474,306
475,621
481,308
494,271
511,612
520,306
521,621
522,604
526,200
530,612
532,308
536,1525
539,1065
553,200
735,273
760,403
768,266
773,410
939,372
1176,1125
1246,110
209,257
212,270
223,263
224,273
247,301
549,82
552,115
563,57
568,44
576,151
578,178
580,151
650,295
658,1007
748,1007
762,589
770,270
782,376
955,1074
1044,316
1236,1009
1293,311
1300,311
1304,158
1319,402
34,1362
47,1362
78,1137
494,483
517,470
522,476
530,255
535,255
536,1244
553,1218
675,1137
735,273
741,784
1155,785
1379,1137
1446,635
1514,623
80,784
81,1433
98,253
106,1365
123,207
163,29
563,253
576,253
578,253
580,253
649,1367
650,295
651,763
658,1242
740,1367
748,1242
995,362
1004,763
1044,316
1089,784
1153,1169
1156,1165
1160,1165
215,265
240,290
242,292
494,483
517,470
522,476
536,668
553,115
596,264
599,273
600,111
610,280
760,403
768,266
773,410
939,372
1155,1071
1176,710
123,69
126,71
209,257
212,270
223,263
224,273
247,301
549,82
552,115
563,57
568,44
576,107
762,638
770,270
782,753
947,638
955,1074
965,640
980,1071
995,362
1044,316
1046,638
1143,1367
1152,1071
1153,1071
1156,304
1158,1071
1159,1071
1162,1071
1166,1071
1167,657
1236,1009
1237,662
1290,257
1293,311
1297,257
1300,311
1304,392
1319,402
47,1362
242,197
278,393
291,1554
296,197
450,200
475,24
481,31
494,25
521,24
522,25
526,200
530,181
532,24
535,24
536,316
541,556
600,556
682,1010
728,1367
742,1105
760,403
773,410
939,1301
943,1010
1176,1125
1246,31
1483,374
81,1274
92,557
98,181
106,1365
116,201
212,393
223,400
224,1117
277,1515
649,1367
650,1116
651,1119
658,1007
740,1367
748,1007
762,1117
770,362
782,376
843,1347
935,1101
955,1101
965,1113
991,1119
995,362
1003,1135
1004,1117
1044,316
1046,1117
1089,1367
1220,556
1236,1009
242,1554
261,638
291,1554
296,556
494,483
517,470
522,476
536,1244
541,556
1426,783
1483,374
123,69
126,71
209,812
223,400
995,362
1265,1137
1293,311
1300,311
1304,392
1319,402
229,1072
261,589
278,1072
296,197
494,483
517,470
522,476
530,612
536,1244
541,556
939,1301
1155,785
1483,1342
11,556
212,593
223,608
247,1171
407,1327
434,1332
438,795
651,763
658,1242
748,1242
955,1074
980,1202
991,815
1004,763
1153,1169
1156,1165
1159,1169
1161,464
1162,1202
1164,1165
1265,1137
450,254
462,612
465,255
469,255
474,306
475,1194
481,254
494,256
511,612
514,255
518,1239
520,306
521,1194
522,604
526,200
530,255
532,1194
535,255
536,1244
539,1065
553,200
699,265
735,273
939,259
1155,785
1426,783
1514,623
74,203
81,1433
92,151
98,181
116,201
426,133
434,243
438,795
549,144
552,200
563,144
565,253
568,133
576,151
578,178
580,151
650,295
658,1242
698,1065
748,1242
955,1074
980,1202
1153,1169
1156,1165
1159,1169
1160,1165
1162,1202
1265,1137
1300,1243
1304,158
1319,1433
261,638
296,197
450,498
481,492
553,200
1068,783
1099,783
1155,785
1176,710
1246,492
1426,783
1514,527
209,812
223,400
549,82
552,200
563,144
568,133
576,151
578,178
580,151
995,362
1062,171
1070,422
1130,797
1140,171
1152,785
1156,510
1158,785
1160,510
1161,513
1164,513
1166,785
1167,657
1236,851
1293,311
1300,311
1304,158
1319,402
326,625
494,483
517,470
522,476
530,255
535,255
536,1244
553,115
735,273
768,266
773,1568
777,246
887,301
939,259
1155,1071
1483,1534
1543,601
407,1510
426,133
434,46
438,133
549,82
552,200
563,57
568,44
576,151
578,178
580,151
650,295
658,1242
748,1242
762,589
770,270
852,1065
955,1074
980,1202
1153,1169
1156,1165
1159,1169
1162,1202
1300,1243
1304,158
1319,1270
56,1198
215,265
240,290
242,292
450,308
462,612
473,1239
474,306
475,1194
477,1065
481,308
488,1065
494,271
518,1239
519,1239
520,306
521,1194
522,604
526,308
530,612
532,24
535,24
536,1244
539,1065
541,556
735,273
760,403
768,266
773,410
777,1419
887,301
888,301
939,1301
1095,1065
1155,1071
1514,623
48,1198
72,557
77,1554
81,1433
92,557
98,548
106,1039
116,558
121,1031
123,574
127,569
142,569
157,557
163,1554
209,257
212,270
217,558
223,263
224,273
247,301
650,295
658,1242
691,1218
698,1065
748,1242
762,589
770,270
782,376
843,1347
852,1065
951,1065
955,1074
980,1202
1153,1169
1156,1165
1159,1169
1160,1165
1162,1202
1361,265
494,483
517,470
522,476
530,255
535,255
536,1244
553,200
939,1301
1155,785
1426,783
74,203
81,1433
92,151
98,181
116,201
407,1327
426,133
434,1332
438,795
549,144
552,200
563,144
568,133
576,151
578,178
580,151
947,638
955,1074
980,1202
1044,1337
1046,638
1130,797
1153,1169
1156,1165
1159,1169
1160,1165
1162,1202
229,1072
278,1072
1374,783
1483,374
11,556
123,69
126,71
209,812
223,400
649,1367
658,1242
740,1367
748,1242
1293,311
1300,311
1304,392
1319,402
596,216
599,273
600,556
610,280
735,273
760,403
768,266
773,410
777,246
887,301
888,301
939,372
1176,1083
11,556
123,69
126,71
650,295
651,1074
658,1555
732,301
748,1555
762,216
770,270
782,376
852,1065
955,1074
995,362
1004,1074
1044,316
1046,1074
1220,556
1236,1009
1237,1555
1293,311
1297,257
1300,311
1304,392
1319,402
56,1198
215,265
240,290
242,292
450,308
462,612
465,1239
474,306
475,1194
481,308
494,271
511,612
514,1179
518,1239
520,306
521,1194
522,604
526,200
530,612
532,24
535,24
536,1244
553,200
768,266
773,697
939,259
1019,293
1446,635
1483,1163
74,203
81,1433
92,151
98,181
116,201
209,257
212,270
223,263
224,273
247,301
337,1553
407,1510
426,133
434,1243
438,133
549,144
552,200
563,144
565,612
568,133
576,151
578,178
580,151
762,638
770,270
782,753
947,638
955,1074
958,753
995,295
1014,266
1046,638
1265,1137
1300,1243
1304,158
1319,1433
34,1362
47,1362
215,265
240,290
242,292
450,498
481,492
677,784
692,783
735,273
741,784
1068,783
1099,783
1426,783
72,557
81,1274
92,557
98,548
106,1365
116,558
123,574
127,569
142,569
157,557
163,29
209,257
212,270
217,558
223,263
224,273
247,301
407,1327
434,1332
438,795
649,1367
650,295
658,1242
740,1367
748,1242
1044,1337
1062,1347
1070,786
1080,1362
1112,1362
1130,797
1140,1347
34,1362
47,1362
450,498
481,492
553,254
596,216
610,225
760,403
773,410
779,1367
1176,900
1246,492
81,1433
98,253
106,1365
121,1031
163,1554
563,253
576,253
578,253
580,253
649,1367
651,1074
658,988
691,1367
698,1065
740,1367
748,988
770,221
782,376
852,1065
995,362
1004,1074
1143,1367
1236,1030
261,638
278,1072
296,197
553,115
1155,785
1176,710
1374,783
1379,1137
1426,783
212,593
223,608
277,1515
407,1274
426,44
434,46
438,795
549,82
552,115
563,144
568,133
576,151
578,178
580,151
1152,785
1156,472
1158,785
1160,468
1161,513
1164,513
1166,785
1167,657
1236,851
1237,1555
1263,1065
1304,158
1319,1270
450,498
481,492
553,115
596,216
599,273
610,280
1176,710
1246,492
1426,783
1483,1342
123,69
126,71
407,1327
426,44
434,1332
438,795
549,82
552,115
563,57
568,44
576,107
1167,657
1236,851
1237,1555
1265,1137
1268,1367
47,1362
261,638
450,498
481,492
760,403
773,410
1176,710
1246,492
1446,635
1514,623
11,556
81,1433
89,556
92,557
98,181
106,1365
116,201
762,638
770,221
782,753
995,362
1044,316
1046,638
1156,250
1160,510
1166,657
1167,657
1236,662
1237,1555
1265,1137
1268,1367
1283,1363
261,638
450,498
481,492
553,200
596,216
610,225
1155,785
1514,527
74,203
81,1433
92,151
98,181
116,201
549,144
552,200
563,144
568,133
576,151
578,178
580,151
995,362
1044,316
1046,638
1130,797
1153,1169
1156,1165
1160,1165
1293,311
1300,311
1304,158
1319,402
450,498
481,492
1155,785
1176,900
1246,492
1426,783
1446,635
2,492
11,556
651,763
658,988
748,988
995,362
1004,763
1152,785
1156,250
1158,785
1160,510
1166,785
1167,1071
1220,556
1236,851
1237,1555
1265,1137
1293,311
1300,311
1304,158
1319,402
215,265
240,290
242,292
450,308
462,1314
465,178
474,1469
475,308
481,308
494,271
511,1314
514,1314
520,1469
521,308
526,200
530,181
532,308
535,181
536,1525
539,1065
553,200
596,264
599,273
610,280
735,273
760,403
768,266
773,410
1155,1071
1176,900
1246,1065
11,194
74,203
81,1274
92,151
98,181
106,1039
116,201
121,1031
209,257
212,270
223,263
224,273
247,301
549,144
552,200
563,144
568,133
576,151
578,178
580,151
650,295
651,1074
658,988
748,988
762,1117
770,270
782,376
843,1347
995,362
1004,1074
1152,1071
1156,304
1158,1071
1166,1071
1167,1071
1236,1009
1361,265
229,593
261,589
278,593
296,197
676,783
728,1367
741,784
939,1301
1155,785
1176,1125
1426,783
1446,635
1514,623
11,556
212,593
223,608
247,614
277,1515
407,1327
434,1332
438,795
649,1367
651,763
658,1555
740,1367
748,1555
955,763
965,763
980,785
991,815
1003,787
1004,763
1046,787
1089,784
1152,785
1153,785
1156,472
1158,785
1159,785
1160,468
1161,513
1162,785
1164,513
1166,785
1167,785
1220,556
1236,851
1237,1555
78,1137
215,265
240,290
242,292
553,200
939,1301
1019,293
1155,785
1379,1137
1426,783
1483,1342
1514,623
74,203
81,1274
92,151
98,181
106,1039
116,201
121,1031
209,257
212,270
223,263
224,273
247,301
407,1327
426,133
434,1332
438,795
549,144
552,200
563,144
568,133
576,151
578,178
580,151
947,638
955,763
980,1202
1153,1169
1156,1165
1159,1169
1160,1165
1162,1202
47,1362
450,498
481,492
596,216
600,556
610,225
773,1325
1019,1362
1176,900
1246,492
1483,1342
11,556
81,1365
89,556
92,557
98,181
106,1365
116,201
407,1327
434,1332
438,133
649,1367
658,988
740,1367
748,988
762,1117
770,221
1035,1137
1045,1137
1220,556
1236,1127
1237,1555
1265,1137
1268,1367
1283,1363
261,638
494,483
517,470
522,476
530,255
535,255
536,668
541,556
760,403
773,410
1176,710
1483,374
762,638
770,221
782,753
1062,171
1070,422
1130,707
1140,171
1167,657
1236,1030
1237,1555
1293,311
1300,311
1304,158
1319,402
261,638
450,498
481,492
610,118
760,403
773,410
1483,374
2,492
11,556
123,69
126,71
223,400
762,638
782,753
1044,316
1046,638
1265,1137
12,702
494,483
517,470
522,476
530,255
535,255
536,668
553,308
596,216
599,273
610,280
1155,785
1176,710
1374,783
1483,1342
80,784
81,1433
98,253
106,1039
121,1031
180,783
407,1327
434,1332
438,795
547,783
563,253
576,253
578,253
580,253
1130,797
1152,785
1156,304
1158,785
1166,785
1167,657
1236,851
1237,1555
215,265
240,290
242,292
450,308
462,612
474,306
475,24
481,308
494,271
511,612
520,306
521,24
522,604
526,115
530,612
532,24
535,24
536,668
553,115
768,266
773,697
939,259
1155,1071
1176,710
1246,110
1446,635
1478,1363
209,257
212,270
223,263
224,273
247,301
407,1510
426,133
434,46
438,133
549,82
552,200
563,144
568,44
576,151
578,178
580,151
762,638
770,270
782,753
947,638
955,1074
965,640
980,1071
995,295
1143,1367
1152,1071
1153,1071
1156,304
1158,1071
1159,1071
1160,635
1162,1071
1166,1071
1167,657
1236,1009
1237,662
1304,158
1319,1270
215,265
240,290
242,292
450,308
462,1179
474,1469
475,1194
481,308
494,271
511,1179
514,1179
518,1239
520,1469
521,1194
522,25
526,115
530,1194
532,24
535,24
536,1244
553,115
599,273
610,280
1155,785
1426,783
1483,374
209,257
212,270
223,263
224,273
247,301
549,82
552,115
563,144
568,133
576,151
578,178
580,151
1153,1169
1156,1165
1265,1137
1268,1367
1290,257
1293,311
1297,257
1300,311
1304,158
1319,402
229,593
278,593
677,784
692,783
741,784
1068,783
1099,783
1155,785
1176,900
1426,783
1483,374
11,556
123,69
126,71
212,593
223,608
649,1367
658,988
740,1367
748,988
1044,316
1062,1347
1070,422
1080,1362
1112,1362
1130,797
1140,1347
1152,785
1156,472
1158,785
1160,468
1161,513
1164,513
1166,785
1167,785
1220,556
1236,851
12,702
56,1198
261,638
278,1072
296,556
494,483
517,470
522,476
536,1244
541,556
610,1507
760,403
773,410
11,556
48,1198
72,557
81,1433
89,556
92,557
98,548
106,1433
116,558
123,574
127,569
142,569
157,557
209,1308
217,558
223,400
277,1515
762,638
782,753
843,1347
995,362
1044,316
1046,638
215,265
240,290
242,292
450,308
474,1469
475,1194
481,308
494,271
518,1239
520,1469
521,1194
526,115
530,1194
532,1194
536,1244
541,556
596,264
599,273
610,280
728,1367
735,273
760,403
768,266
773,410
803,422
939,1301
1017,1137
1019,293
1483,374
11,556
209,257
212,270
223,263
224,273
247,301
649,1367
650,295
658,1242
732,301
740,1367
748,1242
762,1117
770,270
782,376
843,1347
980,1202
1153,1169
1156,1165
1159,1169
1162,1202
215,265
240,290
242,292
450,308
474,306
475,308
481,308
494,271
520,306
521,308
526,115
530,181
532,308
536,1525
539,1065
553,115
599,273
600,111
610,280
677,784
692,783
699,265
735,273
1155,785
1176,900
1246,110
1372,265
209,257
212,270
223,263
224,273
247,301
549,82
552,200
563,144
568,133
576,151
578,178
580,151
649,784
650,295
658,988
748,988
1130,797
1152,785
1156,304
1158,785
1166,785
1167,1071
1236,851
1290,257
1293,311
1297,257
1300,311
1304,158
1319,402
261,638
450,498
481,492
939,1301
1426,783
1446,635
1483,374
123,69
126,71
947,638
955,1074
995,362
1130,797
1268,1367
34,1362
47,1362
229,1072
278,1072
296,556
494,483
517,470
522,476
536,1244
541,556
1155,785
1426,783
1483,374
11,556
72,557
81,1433
89,556
92,557
98,548
106,1365
116,558
123,574
127,569
142,569
157,557
163,1365
209,812
217,558
223,400
277,1515
649,1367
651,763
658,1242
740,1367
748,1242
995,362
1004,763
1044,316
1153,1169
1156,1165
1160,1165
1161,464
1164,1165
1304,392
1319,402
215,265
240,290
242,292
553,115
599,273
610,280
1019,293
1155,785
1426,783
1483,374
209,257
212,270
223,263
224,273
247,301
549,82
552,200
563,144
568,44
576,151
578,178
580,151
995,362
1014,266
1130,797
1153,1169
1156,1165
1160,1165
1290,257
1293,311
1297,257
1300,311
1304,158
1319,402
12,702
47,1362
494,483
517,470
522,476
530,255
535,255
536,1244
541,556
939,1301
1068,783
1099,783
1155,785
1426,783
1446,635
1514,623
11,556
72,557
77,1365
81,1433
89,556
92,557
98,548
106,1365
116,558
121,1031
123,574
127,569
142,569
157,557
163,1365
947,638
955,763
980,1202
995,362
1062,1347
1070,422
1080,1362
1112,1362
1130,797
1140,1347
1153,1169
1156,1165
1159,1169
1160,1165
1162,1202
1268,1367
1283,1363
56,1198
78,1137
261,638
553,1218
760,403
773,410
1379,1137
1483,374
48,1198
74,1239
77,29
81,1433
92,1218
163,29
223,400
762,638
782,753
1044,316
1046,638
1153,1169
1156,1165
1160,1165
1161,513
1164,513
1265,1137
1293,311
1300,311
1304,392
1319,402
450,498
481,492
596,216
600,556
610,225
760,403
773,410
1176,900
1246,492
1483,374
649,1367
651,1074
658,988
698,1065
740,1367
748,988
762,1117
770,221
782,376
995,362
1004,1074
1044,316
1220,556
1236,1127
1265,1137
1268,1367
215,265
240,290
242,292
450,498
481,492
599,273
600,556
610,280
1155,785
1176,710
1246,492
1374,783
1426,783
1514,527
11,556
72,557
81,1274
89,556
92,557
98,548
116,558
123,574
127,569
142,569
157,557
163,1554
212,270
217,558
223,263
224,273
247,301
995,362
1014,266
1044,316
1046,638
1152,785
1156,304
1158,785
1160,510
1166,785
1167,657
1236,851
1293,311
1300,311
1304,392
1319,402
124,1362
450,498
481,492
735,273
768,266
773,977
779,1367
1019,293
1176,900
1246,492
1446,635
1478,1363
1483,1163
123,69
126,71
323,1362
407,1274
434,46
438,44
649,1367
650,295
651,1074
658,988
691,1367
698,1065
740,1367
748,988
762,589
770,270
852,1065
995,1517
1004,1074
1014,266
1143,1367
1220,556
1236,1030
1237,1555
1263,1065
1304,608
1319,1270
596,216
610,225
677,784
692,783
728,784
741,784
939,372
1068,783
1099,783
1390,244
1426,783
72,557
81,1274
92,557
98,548
106,1039
116,558
121,1031
123,574
127,569
142,569
157,557
163,1554
649,784
658,1242
748,1242
955,763
1062,435
1070,422
1130,797
1140,435
1293,311
1300,311
1304,392
1319,402
215,265
240,290
242,292
553,115
596,264
599,273
610,280
735,273
760,403
768,266
773,410
1019,293
1176,900
1483,374
123,69
126,71
209,257
212,270
223,263
224,273
247,301
549,82
552,115
563,57
568,44
576,107
650,295
651,1074
658,988
664,1084
698,1065
748,988
770,270
782,376
852,1065
995,362
1004,1074
1014,266
1044,316
1236,1154
1290,257
1293,311
1297,257
1300,311
1304,392
1319,402
12,702
261,638
278,1072
296,197
450,115
475,178
481,115
494,1419
521,178
526,200
530,181
532,178
536,668
553,200
600,111
939,1548
1155,785
1176,710
1246,110
1358,783
209,812
223,68
245,1496
300,1496
407,1510
426,133
434,46
438,795
549,82
552,200
563,144
568,133
576,151
578,178
580,151
947,638
955,1074
965,640
980,1071
1044,707
1046,638
1130,797
1152,785
1153,785
1156,152
1158,785
1159,785
1162,785
1166,785
1167,657
1236,851
1237,1555
1290,90
1297,90
1304,158
1319,1270
494,483
517,470
522,476
530,255
535,255
536,1244
553,200
677,784
692,783
735,273
1155,785
1446,635
1514,623
337,1553
426,44
434,46
438,795
549,82
552,115
563,144
568,133
576,151
578,178
580,151
649,1367
650,295
651,763
658,1242
740,1367
748,1242
1004,763
1130,797
1153,1169
1156,1165
1160,1165
1268,1367
1300,1243
1304,158
1319,87
261,638
553,115
760,403
773,410
549,82
552,200
563,144
568,44
576,151
578,178
580,151
762,638
770,221
782,753
995,362
124,1362
494,483
517,470
522,476
530,255
535,255
536,1244
541,556
596,216
599,273
610,280
735,273
768,266
773,1134
777,246
888,301
939,259
1483,1163
11,556
123,69
126,71
323,1362
337,1553
407,1510
434,46
438,44
649,1367
650,295
651,1074
658,1242
732,301
740,1367
748,1242
762,1117
770,270
955,1074
995,1517
1004,1074
1265,1137
1268,1367
1297,257
1300,1243
1304,73
1319,87
1334,1084
12,702
261,638
278,1072
296,197
450,498
481,492
939,372
1155,785
1176,710
1246,492
1426,783
2,492
11,556
212,593
223,608
947,638
955,1074
965,640
980,1071
995,362
1130,797
1152,785
1153,785
1156,510
1158,785
1159,785
1161,513
1162,785
1164,513
1166,785
1167,657
1236,851
1237,1555
1293,311
1300,311
1304,158
1319,402
450,498
481,492
553,200
596,216
599,273
610,280
760,403
768,266
773,410
1176,710
1246,492
74,203
81,1433
92,151
98,181
106,1039
116,201
121,1031
549,144
552,200
563,144
568,133
576,151
578,178
580,151
762,638
770,270
782,753
1167,657
1236,1030
1237,1555
1293,311
1297,257
1300,311
1304,158
1319,402
215,265
240,290
242,292
494,483
517,470
522,476
530,612
536,1465
541,556
735,273
768,266
773,1325
1176,900
1483,1342
123,69
126,71
209,257
212,270
223,263
224,273
247,301
407,1327
434,1332
438,44
649,1367
650,295
658,988
740,1367
748,988
762,589
770,270
843,1347
1220,556
1236,1009
1265,1137
1268,1367
56,569
261,589
773,1325
777,246
939,1301
1176,1125
1483,1342
48,569
72,557
77,29
92,557
98,548
116,558
123,574
127,569
142,569
157,557
163,29
407,1327
434,1332
650,221
651,1074
658,1555
698,1065
748,1555
762,589
770,221
935,1074
955,1074
964,1084
965,1113
995,1517
1004,1074
1046,1074
1220,556
1236,1127
1237,1555
1265,1137
34,1362
47,1362
553,1218
596,216
599,273
610,280
677,784
692,783
735,273
1019,293
1374,783
1426,783
1483,1342
81,1433
98,253
106,1365
121,1031
163,1554
180,783
407,1327
434,1332
438,795
547,783
563,253
576,253
578,253
580,253
649,1367
650,295
658,1242
698,1065
740,1367
748,1242
1130,797
494,483
517,470
522,476
530,255
535,255
536,1525
541,556
596,216
600,556
610,225
677,1367
728,1367
773,1285
777,246
779,1367
939,1548
1005,1367
1176,1034
1390,244
1478,1363
1483,1163
11,556
407,1274
434,46
438,44
649,1367
650,221
658,1007
691,1367
740,1367
748,1007
770,221
955,241
995,1517
1062,171
1080,1362
1089,1367
1112,1362
1140,171
1143,1367
1220,556
1236,1009
1304,158
1319,1270
56,1198
242,197
261,638
291,197
296,197
450,200
462,1179
465,1239
474,1205
475,1194
481,31
494,25
511,1179
514,1179
518,1239
520,1205
521,1194
522,25
526,200
530,1194
532,24
535,24
536,1244
543,1230
553,200
760,403
773,410
1483,374
74,203
81,1433
92,151
98,181
106,1039
116,201
121,1031
209,1308
223,400
245,1205
277,1515
300,1205
549,144
552,200
563,144
568,133
576,151
578,178
580,151
762,638
782,753
843,1347
995,362
1062,171
1070,422
1130,707
1140,171
1153,1169
1156,1165
1160,1165
1161,1165
1164,1165
35,1198
47,1362
56,1198
215,265
240,290
242,292
450,308
462,612
465,1239
466,1179
469,1179
471,1239
473,1239
474,1469
475,1194
477,1065
481,308
488,1065
494,271
511,612
514,1179
515,1179
517,1239
518,1239
519,1239
520,1469
521,1194
522,604
526,308
530,612
532,24
535,24
536,1244
543,1469
553,1218
758,1198
768,266
773,697
777,1388
939,259
33,1239
36,1239
39,1469
45,1218
48,1198
54,1239
66,1362
67,1239
72,1239
74,1239
77,1554
80,603
81,688
92,1218
98,1192
106,1365
116,603
123,297
127,1469
136,1239
142,1469
157,1239
163,1554
164,1367
205,1239
209,257
212,270
217,1239
223,263
224,273
247,301
337,1553
370,1239
434,1243
438,1531
544,1469
549,1239
552,1218
562,1179
563,1239
564,612
565,612
567,1239
576,1239
578,1192
580,1239
584,1367
762,638
770,270
782,753
947,638
955,1074
1044,707
1046,638
1143,1367
1268,1367
1283,1363
1300,1243
1304,608
1319,688
215,265
240,290
242,292
450,308
462,612
474,1469
475,24
481,308
494,271
511,612
520,1469
521,24
522,604
526,115
530,612
532,24
535,24
536,1525
539,1065
553,115
735,273
768,266
773,977
1019,293
1155,1071
1176,900
1246,110
209,257
212,270
223,263
224,273
247,301
407,1510
426,44
434,46
438,44
549,82
552,200
563,144
568,133
576,151
578,178
580,151
650,295
651,1074
658,988
698,1065
748,988
762,589
770,270
995,1517
1004,1074
1014,266
1152,1071
1156,304
1158,1071
1166,1071
1167,1071
1236,1030
1304,158
1319,1270
261,589
450,254
462,612
465,255
475,1194
481,254
494,256
514,255
518,1239
521,1194
522,604
526,200
530,255
532,24
535,255
536,1244
539,1065
541,556
773,1568
777,246
779,1367
1155,1071
1514,623
407,1274
434,46
438,44
649,1367
650,221
658,1242
691,1367
698,1065
740,1367
748,1242
762,589
770,221
852,1065
955,1074
980,1202
1143,1367
1153,1169
1156,1165
1159,1169
1160,1165
1162,1202
1300,1243
1304,158
1319,1270
