48,545
67,1157
72,1423
80,561
81,555
92,722
98,481
105,439
106,1292
116,585
121,587
123,553
126,559
127,387
136,803
142,470
157,1019
163,1423
187,568
995,366
1002,632
1003,578
1167,573
1175,574
1213,575
1220,557
1224,579
1232,1468
1236,454
1256,400
1258,581
1265,587
1268,1433
1271,574
1286,572
1360,678
1361,1140
1364,1145
1368,571
2,1194
27,614
48,129
67,132
74,1530
80,138
81,139
89,128
92,144
98,149
105,147
106,1282
116,148
121,150
262,207
272,202
277,126
282,158
330,167
337,145
370,176
407,177
426,182
434,179
438,246
549,177
551,184
562,186
563,178
564,191
565,616
568,194
576,195
578,184
580,150
583,200
649,1534
650,166
658,803
665,212
674,237
694,216
698,215
732,768
734,220
738,221
740,256
748,224
881,225
937,230
947,233
951,228
955,1278
958,593
980,240
1013,242
1014,455
1024,221
1025,207
1027,249
1042,1171
1044,248
1045,249
1046,250
1048,251
1059,1239
1060,254
1061,250
1070,1282
1085,1289
1087,1385
1089,1465
1090,1282
1092,1276
1153,1385
1156,1461
1157,1281
1158,1250
1159,1281
1160,1466
1161,1267
1162,1282
1164,1537
1290,1466
1297,1450
1300,1276
1304,1282
1319,844
1344,1557
2,139
11,128
48,150
67,202
80,561
81,145
89,170
92,167
98,198
105,176
106,177
116,182
121,179
209,570
212,182
217,183
219,184
223,167
224,186
227,576
247,616
323,481
337,195
370,1534
434,171
438,297
762,269
764,264
766,269
770,274
781,275
782,281
796,279
843,268
995,287
1002,260
1003,294
1013,881
1014,1496
1018,302
1025,304
1035,306
1044,308
1045,469
1046,271
1048,1293
1052,1352
1100,1346
1130,1305
1147,1289
1152,1305
1156,1281
1157,931
1158,1281
1160,1343
1161,1338
1164,1305
1166,1302
1167,1406
1175,1348
1213,716
1220,1295
1224,1542
1232,1292
1236,1563
1237,1351
1256,1352
1258,1295
1360,1355
1361,1289
1364,1354
1368,1288
48,132
67,140
74,139
76,128
80,145
81,149
92,1433
98,150
105,152
106,1534
116,123
121,202
209,126
219,167
223,145
224,170
227,167
245,1433
262,176
272,179
277,5
282,182
300,183
323,177
330,184
337,167
345,186
350,178
355,191
361,616
370,492
407,194
426,195
434,184
438,150
549,1534
551,166
562,803
563,152
564,20
565,153
568,153
576,593
578,598
580,742
583,1522
881,144
937,770
947,1468
955,689
958,763
964,803
980,513
1013,592
1014,188
1018,614
1024,1462
1025,181
1027,200
1035,514
1044,591
1045,995
1046,642
1048,153
1052,650
1059,1361
1061,1544
1062,593
1063,537
1070,735
1080,598
1085,742
1087,794
1089,1507
1090,1522
1092,199
1100,593
1112,695
1130,1468
1138,1468
1140,12
1143,600
1147,1484
1152,640
1153,770
1156,152
1157,1005
1158,20
1159,9
1160,152
1161,592
1162,188
1164,614
1166,1516
1167,178
1175,200
1213,691
1220,155
1232,1461
1236,1534
1237,1542
1256,1465
1258,1433
1263,1400
1265,1558
1268,1542
1271,1461
1280,199
1283,191
1290,1466
1297,1433
1300,1561
1304,1404
1319,1400
1334,1406
1344,1400
1350,165
1353,716
1356,1483
2,1140
11,1095
27,481
48,1260
66,1428
67,1042
72,1243
77,578
80,572
81,561
89,573
92,1429
98,575
105,579
106,1534
116,570
121,559
123,571
126,1534
127,561
136,572
142,1174
157,561
163,1429
187,1063
217,1423
219,1010
223,574
224,561
227,555
245,576
272,939
277,585
300,553
323,559
337,585
355,470
407,1464
434,568
438,1530
1002,1019
1003,578
1153,573
1156,574
1157,561
1158,575
1159,557
1160,579
1161,1253
1162,454
1164,579
1265,1534
1268,581
1271,561
1280,587
1286,574
1290,561
1293,586
1297,572
1300,1174
1304,1140
1319,1145
1334,571
1344,1526
1353,545
1356,1063
123,275
126,281
163,260
187,1039
209,302
212,303
217,304
223,98
224,308
227,469
247,1293
323,1352
337,1295
407,1305
434,1281
438,1346
650,1305
658,1338
664,1346
665,1305
694,1348
698,1349
732,108
738,1298
748,1563
762,1352
764,1295
770,1289
781,1354
782,1288
796,1563
852,1295
881,1294
937,995
947,1299
955,1339
1013,1301
1014,1295
1024,1302
1025,66
1027,455
1060,1291
1061,1298
1063,1295
1070,1292
1085,1303
1087,1409
1092,568
1175,109
1213,1307
1236,1416
1256,68
1258,579
1361,1433
209,972
219,768
223,1544
224,593
227,1156
245,735
262,742
272,1491
277,1278
282,593
300,695
323,153
407,1005
426,20
434,887
438,1161
549,614
551,523
563,65
564,691
565,1293
568,1346
576,1295
578,1305
580,1337
583,1338
1035,1289
1044,868
1046,931
1048,1281
1052,1305
1061,1346
1062,1305
1063,1302
1070,1340
1080,1348
1085,1349
1087,716
1089,1295
1092,1292
1100,868
1112,1351
1130,1352
1140,1269
1143,1355
1147,1289
1167,1288
1175,876
1213,1295
1220,1294
1236,1299
1256,1339
1258,1354
2,1575
11,1575
27,1268
48,614
67,492
72,621
76,1422
80,1406
81,632
89,568
92,1530
98,1283
105,1277
106,1432
116,693
121,578
123,572
126,561
127,573
136,575
142,579
157,1534
187,1534
209,549
212,561
217,572
219,561
223,1282
224,587
227,545
245,682
262,1575
268,1423
272,1575
277,1010
282,574
300,561
323,555
345,616
350,492
407,587
434,559
438,1534
762,555
764,1024
769,1019
770,1287
781,1406
782,632
796,568
843,1530
947,578
955,1005
964,561
1059,579
1061,503
1063,1534
1085,586
1087,1282
1089,574
1090,561
1092,586
1167,994
1175,1140
1206,1145
1220,1397
1224,555
1236,682
1256,1575
1258,548
1263,681
1290,1575
1293,574
1297,561
1300,555
1304,579
1319,581
1344,722
1350,581
1353,555
1360,1520
1361,581
1364,556
48,144
67,642
74,955
76,1398
80,1419
81,1161
92,1164
98,15
106,200
116,181
121,1156
219,650
223,1361
224,937
227,153
262,735
268,742
272,974
277,8
282,1442
300,199
323,1106
337,153
370,640
407,650
426,152
434,691
438,20
549,20
551,1164
563,178
565,152
568,1293
576,1352
578,1346
580,1295
583,1305
764,1342
766,1305
781,931
796,1305
843,1343
995,1305
1002,1340
1003,1348
1013,716
1014,1295
1025,1563
1061,1296
1063,1295
1070,1354
1085,1563
1089,1295
1090,1294
1092,1296
1167,1299
1206,1339
1213,1566
1220,1296
1232,1338
1236,1298
1258,1534
1265,1293
1268,155
1271,1311
1286,1302
123,65
126,63
163,616
187,1307
209,90
212,117
219,297
223,299
224,269
227,264
247,270
323,274
407,284
426,260
434,294
438,269
547,95
549,302
551,303
563,306
565,308
568,271
576,1293
580,1346
583,1295
1013,1337
1014,1338
1025,1305
1027,868
1035,1296
1044,1296
1045,1305
1046,1343
1153,1302
1156,1340
1157,1348
1158,1349
1159,716
1160,1295
1161,1298
1162,1292
1164,868
1265,1351
1268,1352
1271,1295
1286,1295
1360,1354
1361,1357
1364,876
2,297
11,1534
27,570
48,561
67,1282
80,179
81,246
89,182
92,183
98,184
105,167
106,186
116,576
121,191
323,581
337,194
345,195
350,184
370,202
407,1534
434,555
438,803
1152,155
1156,876
1157,1015
1158,1542
1160,1282
1161,1276
1164,1542
1166,868
1167,1281
1175,931
1220,1267
1224,1282
1236,1404
1237,1276
1256,1406
1258,1276
1263,1282
1290,716
1293,1289
1297,1542
1300,195
1304,868
1319,815
1344,1289
1350,1269
1353,1282
27,387
33,207
36,758
39,769
41,400
45,249
48,1239
50,1467
54,1307
66,1174
67,247
74,1019
80,1181
81,1481
98,1010
105,207
106,1467
116,1080
121,1239
123,1250
126,392
127,481
130,439
134,1292
136,207
142,1019
163,758
164,387
180,207
187,1484
205,803
262,470
272,1340
277,337
282,426
544,1464
547,366
549,1430
552,253
562,207
563,1080
564,1080
565,207
567,758
576,519
578,207
580,1253
583,454
584,253
650,1306
651,249
658,1080
691,1019
698,1174
732,1062
734,238
738,329
748,768
881,1183
951,253
955,1092
995,323
997,1250
1003,244
1004,439
1100,1292
1130,541
1143,526
1360,758
1364,404
1368,1308
48,176
67,246
76,1010
80,167
81,186
92,191
98,481
106,195
116,184
121,150
262,200
272,166
277,168
282,171
323,212
330,237
345,216
350,215
370,221
407,256
426,735
434,225
438,226
549,228
551,1278
562,695
563,235
564,1468
565,240
568,1484
576,241
578,221
580,207
583,249
762,248
764,249
766,250
770,252
781,178
782,254
796,250
881,1282
935,1537
947,1498
955,1282
964,1498
965,1461
980,1281
997,1466
1002,1267
1003,1282
1035,1404
1044,1406
1046,1282
1048,716
1052,1289
1059,1498
1061,1461
1063,1282
1085,1282
1087,1289
1089,449
1090,1288
1092,1461
1152,1266
1153,1289
1156,1282
1157,1278
1158,1537
1159,1282
1160,1289
1161,1276
1162,135
1164,1281
1166,131
1167,1282
1175,1531
1206,28
1220,1015
1224,1276
1236,155
1237,1470
1256,1282
1258,1404
1263,1276
1290,1289
1293,195
1297,1282
1300,28
1304,1409
1319,158
1344,1459
1350,1273
1353,1276
1360,1537
1361,169
1364,1505
2,256
27,256
123,1201
126,256
163,256
764,225
766,950
770,1446
782,1446
796,1304
843,253
995,1446
1002,1448
1003,1446
1013,1472
1014,1190
1018,1185
1025,1446
1035,1190
1044,1446
1045,1185
1046,1201
1130,917
1265,749
1268,547
1271,584
2,160
48,176
67,1496
74,183
80,167
81,186
89,178
92,191
98,481
105,194
106,195
116,184
121,150
209,200
212,202
219,168
223,171
224,297
227,299
247,264
549,274
562,279
563,268
564,280
565,270
568,284
576,260
578,294
580,269
583,422
762,303
764,304
766,305
770,181
781,308
782,469
796,271
881,481
935,448
937,449
947,450
955,459
958,459
960,468
965,468
980,188
995,431
1002,476
1003,476
1013,483
1014,472
1018,478
1025,178
1035,185
1044,186
1045,594
1046,157
1048,203
1052,202
1100,203
1130,127
1147,147
1152,166
1153,198
1156,185
1157,152
1158,192
1159,161
1160,166
1161,161
1162,161
1164,708
1166,668
1167,1489
1175,1074
1213,749
1220,180
1224,741
1236,1070
1237,645
1256,430
1258,1356
1360,1285
1361,392
1364,711
2,1481
11,1462
27,1481
48,1029
67,1441
72,632
76,632
80,1530
81,1434
89,1344
92,1316
98,693
105,578
106,572
116,561
121,573
123,1338
126,574
127,575
136,570
142,559
157,571
163,1332
187,561
209,994
217,1294
219,545
223,682
224,1010
227,1575
245,1157
262,1575
272,561
277,555
282,576
300,722
323,616
407,608
434,555
438,803
881,517
947,1340
955,568
964,1354
1061,1005
1062,573
1063,574
1070,561
1080,575
1085,557
1087,579
1089,1468
1090,503
1092,579
1100,1332
1112,581
1130,561
1138,587
1140,1433
1143,574
1147,561
1167,572
1175,994
1213,729
1220,571
1224,1397
1232,555
1236,545
1256,576
1258,1575
1265,681
1268,1575
1271,574
1360,581
1361,575
1364,1537
1368,581
48,429
66,439
67,1292
72,585
76,553
80,387
81,585
92,803
98,1019
105,1423
106,1340
116,337
121,568
123,366
126,1464
127,366
136,578
142,572
157,1005
163,573
187,575
209,579
212,1468
217,503
223,581
224,561
227,586
247,574
649,561
658,994
665,1145
674,571
698,545
732,941
738,1575
740,548
748,943
1059,1575
1060,574
1061,561
1063,579
1070,581
1085,931
1089,555
1090,439
1092,1292
1152,581
1156,575
1157,394
1158,553
1160,559
1161,545
1164,297
1166,299
1167,269
1175,264
1213,270
1224,275
1232,281
1236,279
1237,268
1256,280
1258,270
1268,260
1271,294
1286,1419
209,1289
212,112
219,1521
223,68
224,1498
227,1459
247,1276
337,84
345,1505
426,123
434,1270
438,760
549,835
563,791
565,788
568,790
576,1559
578,1562
580,52
583,1559
650,1070
658,1559
694,798
698,1272
732,62
738,797
748,799
881,111
937,1532
947,1277
951,848
955,1430
958,1277
964,1156
1013,1156
1014,1161
1024,1156
1025,990
1027,136
1175,1156
1236,1156
1256,200
1258,1156
1263,1156
1290,1156
1297,1161
1300,990
1304,4
1319,635
1350,990
1360,1156
1361,25
123,1307
126,88
163,100
187,104
262,581
272,581
277,555
282,111
651,575
658,394
665,90
674,117
691,545
694,103
698,1308
732,212
734,237
738,214
748,215
995,220
1002,256
1003,224
1004,225
1013,226
1014,230
1018,233
1025,233
1027,593
1044,235
1045,240
1046,242
1048,455
1052,241
1060,207
1061,249
1062,208
1063,887
1070,248
1080,249
1085,250
1087,251
1089,252
1092,254
1100,250
1112,208
1130,947
1140,763
1143,981
1147,968
1152,841
1156,589
1157,890
1158,955
1160,763
1161,835
1164,826
1166,978
1167,785
1175,970
1213,633
1232,756
1236,880
1237,66
1256,104
1258,977
1265,977
1271,598
1360,864
1361,793
1368,972
48,201
67,451
76,1478
80,217
81,1012
92,129
98,132
105,131
106,132
116,133
121,1530
262,1434
272,139
277,128
282,144
330,147
337,1433
345,148
350,150
355,207
361,158
370,207
426,126
434,158
438,160
549,145
551,170
562,1433
563,198
564,176
565,177
568,179
576,246
578,182
580,183
583,1010
658,191
665,481
674,194
691,195
698,150
732,200
734,202
738,608
748,168
1042,591
1044,212
1046,214
1048,216
1052,215
1059,768
1060,220
1061,221
1062,256
1063,224
1070,225
1080,226
1085,230
1087,233
1089,228
1090,233
1092,593
1100,150
1112,235
1130,1468
1138,240
1140,242
1143,1484
1147,241
1152,221
1156,249
1157,208
1158,887
1160,249
1161,250
1164,252
1166,178
1167,254
1175,250
1213,155
1224,876
1232,1015
1236,1542
1237,1465
1256,1433
1258,878
1263,873
1271,233
1280,931
1283,233
1290,1433
1293,1433
1297,931
1300,1404
1304,878
1319,1406
1334,878
1344,165
1350,844
1353,1483
1356,1542
1360,1447
1364,815
1368,1433
