34,1344
155,377
486,583
494,483
517,470
522,476
529,282
530,548
536,1024
539,1065
541,843
542,664
543,1469
989,1027
994,673
1005,323
1176,900
1373,1025
1390,409
1483,348
1514,1160
47,1362
56,1198
78,1137
258,997
261,797
296,197
553,200
667,1271
669,1360
670,764
675,1265
677,1143
679,1256
682,227
684,1206
685,1362
699,1361
728,1367
741,784
742,605
934,1002
939,234
941,227
961,1256
962,1256
966,1206
1020,1224
1022,1256
1026,180
1047,227
1054,1258
1155,785
1341,126
1345,1224
1358,1213
1376,764
1379,1137
1380,796
1483,1558
1484,782
1501,227
1514,1576
12,290
211,267
213,282
215,265
222,272
231,282
240,290
242,292
486,583
494,483
517,470
522,476
529,282
530,548
536,1070
539,1065
542,1271
543,1469
760,1274
768,266
773,690
777,1383
779,691
803,881
809,674
989,694
994,673
1000,1271
1005,146
1015,1092
1019,293
1038,738
1053,293
1095,1286
1099,547
1155,1071
1176,900
1371,674
1372,182
1381,583
1390,582
47,1362
210,1360
211,997
258,997
261,638
288,172
291,197
296,197
450,498
481,492
553,200
872,698
882,732
887,732
888,732
934,1002
939,28
1026,180
1038,738
1054,738
1091,738
1095,664
1099,783
1155,785
1176,710
1246,492
1341,126
1358,783
1372,1421
1514,1383
35,1198
47,1362
210,1360
211,960
213,1090
231,1090
239,1175
242,1087
258,960
261,638
289,1175
291,1087
296,1245
486,583
494,483
517,470
522,476
529,1090
530,1179
535,1194
536,1024
539,1065
541,843
542,664
543,1469
591,1258
594,1090
596,762
599,947
600,1087
610,1253
631,1256
989,1027
994,673
1005,740
1155,785
1345,1224
1373,1025
1379,1137
1381,583
1390,1112
1478,1232
1514,1576
12,290
124,71
140,51
210,1271
211,997
213,282
215,265
222,272
231,282
240,290
242,292
486,583
494,483
517,470
522,476
529,282
530,548
536,1105
541,556
542,1271
543,546
667,1271
675,1035
677,1143
678,121
679,1052
684,1353
685,120
693,1143
695,1143
728,584
735,273
741,584
742,605
760,81
761,45
768,266
773,1325
775,1100
777,1383
779,1143
803,122
887,301
934,1002
938,547
939,1301
948,1048
949,1271
961,1052
962,1052
966,551
1019,293
1020,76
1026,547
1176,1125
1371,1356
1372,1421
1374,96
1376,1137
1379,1137
1380,105
1381,583
1390,1112
1391,96
1446,635
1478,1280
1483,1163
1485,96
210,1360
211,997
258,960
261,638
288,172
291,197
296,197
450,498
481,492
553,115
1038,738
1054,738
1091,738
1095,1286
1099,783
1176,900
1246,492
1372,1421
1373,1025
1374,96
1380,105
1391,96
1446,635
1478,1280
56,1431
211,997
258,997
261,638
296,588
450,498
481,492
768,1014
773,690
775,1100
777,1422
779,1143
803,1024
805,1008
872,698
887,732
888,732
934,1002
939,1548
948,1048
1091,738
1176,710
1246,492
1446,635
1478,1280
1483,1558
47,1362
78,1137
210,1360
211,960
239,965
242,197
258,960
261,638
291,197
296,197
447,1048
450,200
451,1042
455,665
456,1100
457,1100
458,674
462,1314
465,178
466,127
469,127
471,136
473,151
474,26
475,24
479,1137
481,31
482,1048
486,1048
490,1137
493,1048
494,1156
495,1048
499,1100
500,1042
504,665
505,1100
506,1100
507,674
511,181
514,178
515,127
517,136
518,178
519,151
520,26
521,24
522,25
526,200
530,181
532,24
535,24
536,711
542,664
543,178
553,200
591,1290
596,935
599,947
600,11
610,153
631,187
768,694
773,690
775,1100
777,1569
779,1143
780,694
803,881
809,674
989,694
994,673
1005,146
1017,1137
1019,1293
1026,180
1091,738
1176,900
1246,31
1371,674
1372,1421
1379,1137
1380,665
1446,1160
1483,1558
155,80
206,39
211,997
213,282
215,265
222,272
231,282
240,290
242,292
447,1356
450,115
455,1060
457,1100
458,674
460,782
462,612
465,1179
466,1179
469,33
471,33
473,67
474,612
475,1194
477,1060
481,110
488,1060
494,271
495,1356
499,1100
504,1060
506,1100
507,674
511,612
514,1179
515,1179
517,33
518,1239
519,67
520,612
521,1194
522,624
526,115
529,282
530,1179
532,1194
535,1194
536,1070
539,1065
541,843
543,1230
553,115
566,39
1019,293
1022,1256
1038,738
1053,293
1155,785
1372,1332
1379,1137
1380,105
1446,635
1478,1232
1552,1002
3,1061
12,290
47,1362
447,1280
450,200
451,1042
455,1060
457,1100
458,674
460,782
462,565
465,580
466,255
469,562
471,136
473,151
474,565
475,557
477,1060
481,200
482,1048
486,583
488,1060
493,1048
494,256
495,1280
499,1100
500,1042
504,1060
506,1100
507,674
511,564
514,255
515,564
517,136
518,178
519,151
520,565
521,557
526,200
529,282
530,548
532,557
535,255
536,1024
539,1065
541,843
542,1271
543,546
591,257
596,762
599,947
600,1087
610,263
634,1061
1155,785
1176,900
1246,737
1341,126
1345,262
1446,256
1477,1061
1478,1280
1483,873
35,1198
56,1198
124,769
141,1198
155,377
261,1070
296,1245
591,1258
596,762
599,1082
600,1087
610,223
631,1256
670,764
675,1035
677,1089
678,1174
679,1052
681,1092
682,227
684,350
687,1013
692,783
693,323
695,323
700,1092
728,1089
731,1092
735,1024
741,1089
746,1035
880,1174
887,1469
934,766
936,1092
939,372
941,1063
961,1013
966,350
989,1027
990,534
994,1031
998,1012
1005,323
1095,1286
1099,783
1373,1025
1390,409
56,1
261,638
296,197
486,1280
494,483
517,470
522,476
530,181
536,1024
542,1271
543,1469
553,200
760,1274
768,1014
773,690
775,1100
777,1383
779,1143
803,1024
805,1008
872,698
887,732
888,732
939,28
989,1027
990,476
994,673
996,1012
998,1012
1000,1271
1005,146
1038,738
1054,738
1091,738
1155,1555
1176,710
1341,126
1379,1137
1390,1112
1478,1280
1514,1383
12,290
155,377
447,355
450,115
451,330
455,1060
456,1356
458,674
462,1179
465,580
466,1179
469,562
471,33
473,67
474,1205
475,1194
477,1060
481,110
486,583
488,1060
494,256
495,355
500,330
504,1060
505,1356
507,674
511,1179
514,255
515,564
517,33
518,576
519,67
520,1205
521,1194
526,115
529,282
530,1179
532,1194
535,1194
536,1070
539,1065
542,664
543,1469
591,1258
594,89
596,216
599,947
600,1087
610,263
631,1256
760,81
765,1206
768,266
773,430
777,1569
779,691
780,694
803,881
808,583
809,674
989,694
992,694
994,673
1005,323
1015,1092
1019,293
1022,1256
1038,738
1053,293
1056,1206
1095,664
1099,547
1132,1220
1371,1263
1390,409
1478,1232
1483,348
1501,227
12,290
211,267
213,282
215,265
222,272
231,282
240,290
242,292
494,483
517,470
522,476
529,282
530,181
536,1070
539,1065
542,1271
543,470
553,200
760,403
768,266
773,430
777,1383
779,691
803,422
872,698
882,732
887,732
888,732
939,372
941,1063
948,1353
949,1271
966,350
989,694
990,476
994,673
1000,1271
1005,146
1015,1092
1019,293
1038,738
1053,293
1095,1286
1099,180
1155,1071
1176,710
1446,635
1478,1280
12,702
34,1344
211,997
215,1308
258,997
261,638
296,588
450,498
481,492
872,698
882,732
887,732
888,732
934,1002
939,1301
1091,738
1095,664
1099,783
1176,710
1246,492
1372,1421
1483,1558
1514,1576
1543,601
47,1362
124,769
155,377
210,1360
211,997
215,265
222,272
231,282
240,290
242,292
450,498
481,492
591,1290
596,762
597,272
599,947
600,11
610,263
667,1137
669,1360
670,764
675,1035
677,1143
679,1052
684,960
693,323
695,323
699,1361
728,1367
735,273
741,784
1155,785
1176,900
1246,492
1373,1025
1376,764
1379,1137
1380,796
1390,409
1514,1330
211,997
213,282
215,265
222,272
231,282
240,290
242,292
447,1280
450,200
451,1042
455,1060
457,1100
458,1042
460,782
462,612
465,178
466,33
469,33
471,136
473,151
474,612
475,24
477,1060
481,110
482,1048
488,1060
493,1048
494,1156
495,1280
499,1100
500,1042
504,1060
506,1100
507,1042
511,612
514,33
515,39
517,136
518,178
519,151
520,612
521,24
522,624
526,200
529,282
530,181
532,24
535,24
536,1070
539,1065
541,843
542,1271
543,1469
553,115
669,781
670,764
675,1035
676,1045
677,1089
678,121
679,1052
681,1092
682,1063
684,1052
728,1089
731,1092
733,1092
735,273
741,1089
742,605
887,301
934,1002
936,1092
939,28
941,1063
961,1052
962,1052
966,1052
1019,293
1176,1083
1246,31
1341,126
1345,262
1372,1421
1390,1112
1478,1280
1514,38
124,71
140,51
155,377
258,960
261,947
296,588
670,764
678,121
682,227
684,960
685,120
692,783
693,323
695,323
699,377
728,584
735,947
741,784
742,605
990,534
1005,323
1019,1293
1020,76
1038,227
1066,219
1095,852
1096,219
1099,783
1155,785
1176,900
1246,492
1390,409
1446,635
1483,348
1501,227
1509,964
258,960
261,947
296,197
553,200
670,764
675,764
682,227
684,960
692,783
728,784
735,947
741,784
742,605
1054,172
1066,219
1095,852
1096,219
1099,783
1155,785
1176,900
1246,492
1341,126
1358,783
1514,1419
