261,638
270,221
296,588
494,483
517,470
539,1065
543,1230
553,115
939,28
990,476
1155,785
1446,635
123,69
163,29
277,463
301,9
407,1510
426,44
434,73
438,795
549,82
563,57
565,612
568,44
576,107
951,737
955,1074
958,753
980,1211
1130,797
1140,1062
1153,1169
1156,256
1158,785
1159,1169
1160,256
1161,248
1162,1202
1164,248
1304,109
1555,1242
124,71
229,1072
242,1554
270,1465
278,1072
291,1554
494,483
517,470
539,1065
543,1469
672,1065
742,1072
760,81
776,1065
777,1383
1176,900
1514,38
2,1359
123,579
126,71
163,1554
212,862
217,560
223,1544
224,1072
252,1462
277,463
300,65
323,64
337,1553
345,1363
407,1510
434,73
438,1566
649,1367
658,898
691,1367
698,1065
740,1367
748,898
770,1545
995,1548
1140,1062
1213,1057
1258,91
1290,90
1297,93
1300,558
1304,109
1350,1363
261,638
270,221
296,197
494,483
517,470
536,1105
543,1469
553,200
760,81
777,1441
1176,900
1390,409
2,1359
277,463
549,82
563,144
565,1314
568,133
576,107
578,181
770,221
1044,316
1046,645
1070,422
1156,256
1161,248
1164,248
1166,657
1167,657
1236,1127
1237,979
1258,91
261,638
270,221
296,197
939,372
1155,785
1176,710
1246,492
1379,1137
1446,524
277,1437
301,9
951,737
955,763
958,753
980,785
1070,786
1152,785
1153,785
1156,256
1158,785
1159,785
1161,248
1162,785
1164,248
1166,785
1167,657
1213,1137
1236,1127
1258,91
1268,683
1290,1010
1293,311
1300,311
1304,109
124,71
270,221
494,483
517,470
543,1469
553,115
591,91
596,216
600,111
677,115
693,71
728,254
760,81
777,1383
779,254
887,1469
939,112
1176,1034
123,69
126,71
163,1554
277,463
337,1553
407,1274
426,44
434,73
438,1566
549,82
563,57
568,44
576,107
650,1465
691,254
770,221
955,241
1063,91
1080,104
1112,104
1140,1039
1143,254
1156,256
1161,248
1164,248
1167,1488
1213,1057
1258,91
1290,90
1304,109
261,638
270,221
296,197
326,534
450,498
481,492
553,200
939,28
990,534
1005,146
1144,534
1514,38
277,512
301,9
337,1553
407,1365
426,133
434,1332
438,795
549,82
563,57
565,1314
568,44
576,107
578,181
580,178
951,737
955,1074
958,753
1130,797
1140,1062
1555,1242
124,71
494,483
517,470
539,1065
543,1469
553,115
591,257
610,263
671,1008
685,120
699,265
1176,900
1478,789
123,69
126,71
163,1554
323,64
337,1553
407,106
426,44
434,73
438,795
549,82
563,57
568,44
576,107
650,1116
651,1119
658,851
748,898
995,259
1004,1119
1213,1137
1236,1127
1258,91
1290,1010
1304,109
1364,1012
1555,898
12,290
494,483
517,470
543,1230
596,216
610,263
634,111
760,81
777,1383
805,1008
1005,146
1155,1199
1390,582
1446,256
2,1359
337,51
407,1365
434,73
438,1566
589,645
770,221
995,259
1080,146
1112,104
1130,707
1140,171
1153,1169
1156,271
1159,1169
1160,271
1161,248
1162,1202
1164,248
1268,683
1290,1181
1300,201
1304,109
1555,1242
12,1342
124,71
210,1008
215,1308
229,1072
242,1554
244,1039
270,1329
273,1072
278,1072
291,1554
296,1245
326,534
450,498
481,492
610,1253
685,120
742,1072
760,81
777,1383
779,1218
805,1008
939,1301
990,534
998,1012
1144,534
1390,582
1480,1008
123,579
126,71
163,1554
212,1329
217,560
223,118
224,1072
245,523
247,1171
277,512
300,523
301,1187
337,1553
407,106
434,1332
438,1532
650,1074
658,1242
664,1084
691,1218
732,1171
748,1242
770,1329
781,1008
881,1347
951,1065
955,1074
960,1082
995,1303
997,1082
1003,1082
1140,1062
1143,1218
1361,545
1364,1012
1555,1242
450,498
481,492
553,200
591,257
610,263
696,265
746,1012
939,28
952,1012
990,534
996,1012
998,1012
1005,146
1053,293
1155,785
1176,1083
1246,492
1372,158
1379,1137
1484,293
1514,1569
67,151
74,151
80,784
92,151
98,181
116,201
370,151
407,1510
426,133
434,158
438,795
549,144
563,144
568,133
576,178
578,181
580,178
650,1116
651,1119
658,851
748,851
951,1065
955,1074
980,1071
991,1119
995,259
1004,1119
1044,1465
1152,785
1153,785
1156,271
1158,785
1159,785
1161,248
1162,785
1164,248
1166,785
1167,785
1213,1137
1236,1127
1258,177
1290,1010
1300,201
1304,196
1364,1012
47,1362
494,483
517,470
539,1065
671,1008
939,28
952,1012
1053,293
1155,785
1176,1083
1378,293
1390,582
1446,635
1514,1576
67,151
80,784
92,557
98,181
116,201
337,1553
345,1363
370,151
407,1365
434,158
438,795
649,1367
650,264
658,851
740,1367
748,851
951,1065
955,1074
980,1071
1130,797
1140,1062
1152,785
1153,785
1156,271
1158,785
1159,785
1160,271
1161,248
1162,785
1164,248
1166,785
1167,785
1236,851
1237,785
1268,1367
1283,1363
1300,201
1304,616
1350,1363
1555,1007
242,1554
261,638
270,593
291,197
296,197
450,498
481,492
760,81
777,18
805,1008
1155,1199
1372,158
1390,582
212,593
217,560
223,1544
224,1117
245,523
252,1462
277,1437
300,523
330,753
337,1553
407,1510
434,73
438,1532
770,593
1044,1240
1046,645
1153,1169
1156,510
1157,95
1159,1169
1161,513
1162,1202
1164,513
1300,201
1304,109
1344,753
1361,545
1555,1242
35,1198
47,1362
78,1137
155,377
242,439
261,638
270,593
291,439
296,588
494,483
517,470
536,1105
543,1230
1019,376
1155,785
1372,1533
1514,1180
2,1359
48,1198
66,1362
72,557
80,784
92,557
98,548
123,401
127,569
142,569
157,557
163,422
209,377
217,560
223,1544
224,1117
245,1201
252,1462
277,463
300,1203
1044,316
1046,645
1070,786
1153,1169
1156,459
1157,570
1158,785
1159,1169
1161,614
1162,1202
1164,1165
1268,683
1304,392
124,71
270,221
296,588
450,254
462,612
474,614
475,24
481,110
494,256
511,612
514,255
520,614
521,24
526,115
543,546
667,1137
671,1008
760,81
777,1441
805,1008
996,1012
1176,900
1246,31
1376,1137
1379,1137
1446,635
123,579
126,71
163,1554
277,25
337,1553
407,1274
434,1332
438,1566
650,1116
651,1119
658,898
748,898
770,221
781,1008
1004,1119
1035,1012
1044,1337
1070,1347
1156,256
1160,256
1161,248
1164,248
1167,914
1236,1127
1237,979
1258,91
1361,545
1364,1012
1555,898
47,376
78,1137
155,377
215,265
240,290
494,483
517,470
536,1105
539,1065
543,1469
672,1065
699,377
760,403
776,1065
777,18
1019,293
1053,293
1155,1071
1176,900
1372,1421
1379,1137
1514,1419
72,557
92,557
98,548
123,401
127,569
142,569
157,557
163,29
209,257
217,560
223,269
247,303
252,306
650,1116
658,898
698,1065
748,898
1044,316
1045,1137
1152,1071
1156,271
1157,306
1158,1071
1161,305
1164,302
1166,1071
1167,1071
1213,1137
1236,1127
1237,979
1293,311
1300,311
1304,392
1361,545
12,290
35,1198
56,1198
215,265
240,290
450,498
481,492
678,1174
699,265
939,1301
952,1012
990,534
994,1174
996,1012
998,1012
1053,293
1155,785
1372,1421
1514,1180
48,1198
67,557
72,557
80,784
92,557
98,548
121,1174
123,579
127,569
142,569
157,557
163,1347
217,560
223,269
247,303
252,306
407,1274
434,1332
438,795
650,264
651,763
658,1242
748,1242
951,1065
955,1074
980,1211
995,259
1004,763
1044,1337
1130,797
1140,1062
1153,1169
1156,271
1157,306
1158,785
1159,1169
1161,305
1162,1202
1164,302
1361,545
1364,1012
1555,1242
47,1362
270,221
296,197
494,483
517,470
539,1065
543,1469
553,200
1005,146
1176,900
67,151
74,151
80,784
92,151
98,181
116,201
277,463
337,1553
370,151
407,1510
426,133
434,1332
438,795
549,144
563,144
565,1314
568,133
576,178
578,181
649,1367
651,763
658,851
740,1367
748,898
1004,763
1044,1337
1130,797
1140,1062
1236,851
1268,1367
1555,898
270,221
296,197
450,498
481,492
553,200
685,120
990,534
1005,146
1372,158
1446,635
277,1437
337,51
407,1510
426,133
434,1332
438,795
549,82
563,57
565,1314
568,133
576,107
578,181
580,178
650,1116
651,1119
658,1242
748,1242
1004,1119
1555,1242
242,1554
270,1465
291,197
296,197
591,91
685,120
742,1465
760,81
777,1383
990,534
1005,146
1176,900
1246,492
1372,158
1514,38
212,862
217,560
223,1544
245,523
252,1462
277,1437
300,523
337,1553
407,1510
434,73
438,1566
658,898
691,110
748,898
770,1545
995,1548
1080,146
1112,104
1140,171
1213,1057
1258,91
1286,1029
1290,90
1297,93
1300,201
1304,109
1361,545
677,784
685,120
728,784
741,784
939,372
990,534
1005,146
1015,177
1019,293
1372,158
1390,409
1446,635
650,264
658,1242
748,1242
955,763
995,362
1004,763
1063,91
1070,786
1080,146
1089,784
1112,104
1130,797
1140,171
1293,311
1300,311
1304,109
1361,545
1555,1242
47,1362
155,377
242,439
261,638
270,593
291,439
296,588
450,498
481,492
939,372
1019,376
1176,710
1246,492
1372,1533
1390,409
66,1362
67,557
72,557
80,784
92,557
98,548
123,401
127,569
142,569
157,557
163,29
209,377
217,560
223,1544
245,523
252,1462
277,512
300,523
301,9
951,737
955,763
958,753
1044,316
1046,645
1070,786
1080,582
1112,582
1130,797
1140,422
1167,657
1236,851
1268,683
1293,311
1300,311
1304,392
47,376
215,265
240,290
450,498
481,492
990,534
996,1012
1005,146
1053,293
1155,785
1390,409
1514,1576
48,1198
67,151
80,784
92,557
98,181
116,201
209,257
217,560
223,269
247,303
252,306
995,362
1044,316
1046,645
1070,786
1080,146
1112,161
1130,797
1140,171
1153,1169
1156,271
1157,306
1158,785
1159,1169
1161,305
1162,1202
1164,302
1361,545
1555,1242
47,376
261,638
270,221
296,197
494,483
517,470
543,1469
553,200
939,372
952,1012
1155,785
1176,710
1514,1569
2,749
67,151
74,151
80,784
92,151
98,181
116,201
277,1437
549,144
563,144
568,133
576,178
578,181
951,737
955,763
958,753
980,785
1044,316
1046,645
1070,786
1080,146
1112,161
1130,797
1140,171
1152,785
1153,785
1156,256
1158,785
1159,785
1161,248
1162,785
1164,248
1166,785
1167,657
1236,851
1258,177
1268,683
1290,1010
1293,311
1300,311
1304,392
12,290
210,1008
215,265
240,290
244,1039
553,115
667,1084
685,120
760,81
777,1441
779,1218
939,1301
1155,1071
1446,635
209,257
223,269
247,303
252,306
337,51
426,44
434,1332
438,1532
549,82
563,57
565,1314
568,133
576,107
578,181
650,264
658,1242
664,1084
691,1218
748,1242
881,1347
951,1065
955,1074
980,1211
1140,1062
1143,1218
1153,1169
1156,271
1157,306
1159,1169
1161,305
1162,1202
1164,302
1361,203
1364,1012
12,290
47,1362
141,619
206,619
215,265
240,290
494,483
517,470
539,1065
543,1469
553,308
671,1008
1176,900
1372,265
1478,1363
1514,1576
2,1359
66,1362
74,1529
77,1553
80,784
98,612
116,784
121,1031
123,297
163,1554
164,1362
223,269
247,303
252,306
337,1553
345,1363
407,1365
434,608
438,795
565,612
584,784
649,1367
650,1116
658,851
740,1367
748,898
1213,1137
1236,1127
1263,1359
1268,1367
1283,1363
1300,265
1304,616
1350,1363
1555,898
12,290
215,265
240,290
244,1039
494,483
517,470
539,1065
591,257
596,645
610,263
760,81
777,1383
939,372
1155,1071
1176,710
1372,158
1446,271
1514,38
2,1359
209,257
217,560
223,269
247,303
252,306
589,645
881,422
951,737
955,1074
958,753
980,1071
1152,1071
1153,1071
1156,271
1157,306
1158,1071
1159,1071
1160,271
1161,305
1162,1071
1164,302
1166,1071
1167,657
1213,1137
1236,1127
1237,1127
1258,91
1290,1010
1293,311
1297,93
1300,311
1304,109
1555,1127
124,71
155,377
215,265
240,290
244,1039
450,498
481,492
667,1137
685,120
699,377
760,81
777,1383
803,122
939,372
990,534
1176,1125
1246,492
1376,1137
1379,1137
1514,38
123,401
126,71
163,29
209,257
217,560
223,269
247,303
252,306
650,1116
651,1119
881,422
955,264
991,1119
995,362
1004,1119
1013,1097
1063,91
1070,422
1156,271
1157,306
1161,305
1164,302
1236,1127
1258,91
1361,545
35,1198
450,498
481,492
610,263
48,1198
67,557
72,557
80,784
92,557
98,548
121,1031
123,579
127,569
142,569
157,557
163,29
407,1510
434,243
438,795
1070,786
1080,582
1112,582
1130,797
1140,29
1268,683
1290,1181
1304,581
1361,545
1555,1242
12,290
124,71
215,265
240,290
244,1039
450,498
481,492
667,1084
685,120
760,81
777,1383
779,1218
803,122
939,259
1019,293
1446,635
1514,38
2,1359
123,579
126,71
209,257
217,560
223,269
247,303
252,306
337,51
407,1365
434,73
438,1532
649,1367
650,264
658,1242
664,1084
691,1218
740,1367
748,1242
951,1065
955,1074
1140,1062
1143,1218
1265,1029
1268,1367
1286,1029
1300,558
1304,109
1334,1029
1555,1242
12,290
124,71
155,377
450,498
481,492
553,115
596,216
610,263
696,265
728,1367
741,1362
760,81
777,1383
805,1008
939,372
1155,1199
1390,409
1480,1008
2,1359
123,401
126,71
163,1554
549,82
563,57
565,1314
568,44
576,107
649,1367
650,1116
658,1242
732,1171
740,1367
748,1242
770,221
881,422
955,264
980,1211
1063,91
1070,422
1089,1367
1153,1169
1156,271
1159,1169
1161,248
1162,1202
1164,248
1268,1367
47,1362
229,1072
242,439
273,1117
278,1072
291,197
296,197
450,200
462,181
465,178
473,151
474,26
475,24
481,31
511,181
514,178
518,178
519,151
520,26
521,24
526,200
539,1065
553,200
599,1082
610,153
671,1008
742,1072
939,372
943,1010
952,1012
1176,1083
1246,31
1390,409
1514,1569
67,151
74,151
80,784
92,151
98,181
116,201
209,377
223,1544
224,1117
247,32
252,1496
277,25
300,188
301,9
549,144
563,144
568,133
576,178
578,181
580,178
649,1367
650,1116
658,851
740,1367
748,851
951,1065
955,1074
1044,316
1213,1137
1236,1127
1258,177
1290,1010
1293,311
1297,177
1300,311
1304,392
124,71
261,1347
270,221
296,588
450,498
481,492
677,1367
681,601
728,1367
760,81
777,1383
779,254
939,1301
1036,601
1176,1489
1246,492
1372,1421
1479,601
2,1359
123,579
126,71
163,1554
277,512
337,1553
407,1510
434,1332
438,1431
649,1367
650,593
691,254
740,1367
770,221
955,241
1044,1337
1063,91
1070,1347
1080,104
1089,1367
1112,104
1140,1347
1143,254
1258,91
1268,1367
12,290
450,498
481,492
553,115
760,81
777,1441
939,1301
952,1012
990,534
996,1012
998,1012
1005,146
1053,293
1176,710
1246,492
1446,635
1514,38
2,749
337,51
407,688
426,133
434,1332
438,1427
549,82
563,57
565,1314
568,133
576,107
578,181
580,178
770,221
951,737
955,714
958,753
980,662
995,259
1044,1337
1046,645
1070,1347
1152,657
1153,662
1156,271
1158,657
1159,662
1161,248
1162,662
1164,248
1166,657
1167,657
1236,1127
1258,91
1268,683
35,1198
47,1362
141,1198
270,221
990,534
2,1359
48,1198
66,1362
74,1239
80,784
98,253
121,1174
163,1347
164,1362
277,463
407,1365
434,1332
438,795
549,1239
563,253
565,1314
578,253
584,784
649,1367
651,763
658,1242
740,1367
748,1242
1004,763
1044,1337
1130,797
1140,1062
1555,1242
261,638
270,221
296,197
494,483
517,470
543,178
553,115
939,1301
952,1012
990,476
996,1012
1005,146
1155,785
1176,710
1446,635
1514,38
2,749
277,1437
337,1553
407,1510
426,44
434,1332
438,795
549,82
563,57
565,1314
568,44
576,107
578,181
951,737
955,763
958,753
980,785
1044,1337
1046,645
1070,786
1080,146
1112,104
1130,797
1140,171
1152,785
1153,785
1156,256
1158,785
1159,785
1160,256
1161,248
1162,785
1164,248
1166,785
1167,657
1236,851
1258,91
1268,683
47,1362
215,265
240,290
494,483
517,470
543,1469
1019,293
1176,900
1514,1576
66,1362
72,557
80,784
92,557
98,548
121,1031
123,579
127,569
142,569
157,557
163,29
209,257
217,560
223,269
247,303
252,306
345,1363
407,1365
438,795
995,259
1070,786
1080,582
1112,582
1130,797
1140,29
1167,657
1213,1057
1236,851
1304,616
1350,1363
1555,898
12,290
155,377
450,498
481,492
760,81
777,1383
939,372
1019,293
1176,710
1246,492
1372,1421
1379,1137
1390,409
1514,38
2,749
123,401
163,1554
770,221
881,422
951,737
955,714
958,753
1070,422
1167,657
1213,1137
1236,1127
1258,91
1268,683
1293,311
1300,311
1304,109
1361,545
210,1008
215,1308
229,1072
242,439
244,1039
270,593
278,1072
291,197
296,197
450,200
462,612
473,151
474,614
475,557
481,110
511,612
518,178
519,151
520,614
521,557
526,115
539,1065
542,1033
543,1469
671,1008
672,1065
742,605
760,81
776,1065
777,1331
805,1008
872,1065
939,372
998,1012
1005,146
1176,1083
1246,1065
1372,158
1379,1137
1480,1008
1514,38
209,377
212,593
217,560
223,153
224,1117
247,592
252,1462
300,65
301,621
650,1116
651,1119
658,1007
698,1065
748,1007
770,593
781,1008
881,422
951,1065
955,1074
991,1119
995,362
997,1082
1003,1128
1004,1119
1236,1127
1258,91
1360,1008
1361,545
1364,1012
1555,1127
47,1362
229,1072
242,439
270,593
278,1072
288,172
291,197
296,197
450,498
481,492
742,605
1019,376
1372,158
1390,409
1514,1576
2,1359
48,1198
67,151
80,784
92,557
98,181
116,201
209,377
217,560
223,153
245,523
252,1462
277,1437
300,523
649,1367
658,1242
740,1367
748,1242
1044,316
1130,797
1140,1062
1293,311
1300,311
1304,392
124,71
261,1347
270,221
296,588
450,498
481,492
677,1367
681,601
728,1367
760,81
777,1331
779,254
805,1008
939,28
950,601
952,1012
1036,601
1176,1009
1246,492
1479,601
1480,1008
1514,38
1543,601
123,579
126,71
163,1554
277,1437
301,9
337,1553
407,1510
434,1332
438,1566
649,1367
650,593
691,254
740,1367
770,221
955,241
1035,1012
1044,1337
1063,91
1070,1347
1080,104
1089,1367
1112,104
1140,1347
1143,254
1156,256
1161,248
1164,248
1167,1488
1236,1009
1258,91
12,1342
242,197
261,638
270,593
291,197
296,197
494,483
517,470
539,1065
543,1230
553,200
1005,146
1372,158
1446,635
1514,38
2,749
209,812
223,1544
252,1481
277,463
300,65
337,51
407,688
426,133
434,1332
438,795
549,82
563,144
565,1314
568,133
576,107
578,181
1003,638
1130,797
1140,1062
1268,683
1361,203
1555,1242
47,1362
78,1137
215,265
240,290
450,308
462,1179
465,178
466,1179
469,1179
473,151
474,1205
475,1194
481,31
494,271
511,1179
514,1179
515,1179
518,178
519,151
520,1205
521,1194
526,200
536,1105
539,1065
543,1230
553,200
610,263
1005,146
1019,293
48,1198
67,151
74,1239
80,784
92,151
98,181
116,201
121,1031
209,257
223,269
247,303
252,306
337,1553
370,151
407,1365
426,133
434,158
438,795
549,144
563,144
568,133
576,178
578,181
580,178
995,259
1290,1181
1297,177
1300,201
1304,196
35,1516
47,376
56,1516
155,377
261,638
270,221
566,389
596,216
758,1516
760,403
777,1383
886,1436
939,372
952,1012
1176,710
1246,492
1372,1421
1514,1576
2,749
48,1516
66,376
98,253
123,401
163,1554
277,1437
563,253
578,253
589,645
762,638
770,221
881,422
951,737
955,714
958,753
1044,316
1046,645
1070,422
1080,688
1112,688
1130,707
1140,422
1167,657
1236,662
1268,683
1290,1010
1293,311
1300,311
1304,392
270,221
296,197
450,254
462,612
473,151
474,614
475,557
481,110
494,256
511,612
514,255
518,178
519,151
520,614
521,557
526,115
536,1105
539,1065
1155,785
1176,900
1246,1065
1390,582
1446,635
2,1359
277,1437
345,1363
407,1510
434,73
438,795
649,1367
650,1116
658,851
740,1367
748,898
1152,785
1156,256
1158,785
1160,256
1161,248
1164,248
1166,785
1167,785
1213,1137
1236,1127
1237,979
1258,91
1300,201
1304,109
1350,1363
35,1198
47,376
56,1198
141,1198
155,377
206,619
450,254
462,612
465,255
466,1179
469,255
471,255
473,1239
474,614
475,1194
479,1084
481,31
490,1084
494,256
511,612
514,255
515,1179
517,255
518,1239
519,1239
520,614
521,1194
526,254
539,1065
543,1230
553,308
566,389
758,1198
760,403
777,1383
886,1198
939,372
1155,1071
1390,409
1446,635
33,255
36,389
39,255
41,389
45,255
48,1198
66,376
74,1239
80,311
98,253
116,311
121,1031
123,401
127,255
130,389
134,255
142,255
163,1554
544,255
549,1239
562,255
563,253
564,255
565,1314
567,255
576,1239
578,253
580,255
770,221
881,422
951,737
955,1074
958,753
980,1211
995,362
1130,707
1140,1062
1153,1169
1156,271
1159,1169
1160,271
1161,248
1162,1202
1164,248
1555,1242
47,1362
56,1198
261,638
270,221
296,197
450,498
481,492
553,200
952,1012
1379,1137
1514,1180
2,1359
48,1198
67,151
74,1239
80,784
92,151
98,181
116,201
277,1437
330,753
370,151
407,1510
426,133
434,158
438,795
549,144
563,144
565,612
568,133
576,178
578,181
580,178
951,737
955,763
958,753
1044,1240
1046,645
1070,786
1268,683
1283,1363
1300,201
1304,616
1344,753
1555,1242
47,1362
450,254
462,612
465,255
466,255
469,255
473,151
474,614
475,24
481,31
494,256
511,612
514,255
515,255
518,178
519,151
520,614
521,24
526,200
539,1065
543,1469
553,200
667,1137
671,1008
1053,293
1155,785
1176,900
1246,31
1376,1137
1379,1137
1390,409
1514,1576
67,151
74,151
80,784
92,151
98,181
116,201
549,144
563,144
565,1314
568,133
576,178
578,181
580,178
649,1367
650,1116
658,851
740,1367
748,898
1044,316
1152,785
1156,271
1158,785
1161,248
1164,248
1166,785
1167,785
1236,1127
1237,979
1268,1367
1555,898
12,290
56,1431
596,216
610,263
777,1383
805,1008
939,1301
990,534
1005,146
1155,1071
1176,710
1246,492
1514,1383
67,151
80,201
92,557
98,181
116,201
121,1031
370,151
407,688
434,1332
438,1431
589,645
770,221
951,737
955,1074
958,753
980,1071
995,259
1152,1071
1153,1071
1156,271
1158,1071
1159,1071
1161,248
1162,1071
1164,248
1166,1071
1167,657
1236,1127
1237,1127
1258,177
1361,545
1555,1127
35,1198
47,376
56,1198
78,1137
155,377
215,265
240,290
244,1039
450,308
462,1179
473,1239
474,1205
475,1194
481,31
494,271
511,1179
518,1239
519,1239
520,1205
521,1194
536,1105
539,1065
543,1230
596,645
610,263
758,1198
760,403
777,1383
803,422
886,1198
939,372
1514,1576
48,1198
67,557
72,557
92,557
98,548
121,1031
123,401
127,569
142,569
157,557
163,29
209,257
217,560
223,269
247,303
252,306
589,645
881,422
951,737
955,1074
958,753
995,362
1268,683
1361,545
1555,1242
12,290
215,265
240,290
610,263
634,111
760,81
777,1441
779,1218
1372,158
1390,409
1514,38
209,257
217,560
223,269
247,303
252,306
658,1242
691,1218
748,1242
1070,422
1080,146
1112,104
1130,435
1140,171
1143,1218
1361,545
270,221
296,197
450,254
462,612
473,151
474,614
475,1194
481,110
494,256
511,612
514,255
518,178
519,151
520,614
521,1194
526,115
543,1230
677,784
728,1367
741,784
939,28
1155,785
1446,635
1514,38
1543,601
277,1437
301,9
337,51
407,1510
434,73
438,795
649,1367
650,593
658,1242
740,1367
748,1242
955,763
980,1211
1044,1240
1063,91
1070,786
1080,146
1089,1367
1112,104
1130,797
1140,171
1153,1169
1156,256
1158,785
1159,1169
1160,256
1161,248
1162,1202
1164,248
1268,1367
1300,201
1304,109
124,71
229,1072
242,1554
270,593
278,1072
291,1554
296,588
450,498
481,492
699,90
742,605
760,81
777,18
990,534
1155,1071
1176,900
1246,492
1372,73
1390,582
1446,635
1514,38
123,579
126,71
163,1554
212,593
217,560
223,1544
224,1117
245,523
252,1496
277,1437
300,523
323,64
337,1553
407,1510
434,73
438,1566
650,1116
651,1119
658,898
748,898
770,593
995,1548
1003,1128
1004,1119
1152,1071
1156,510
1157,95
1158,1071
1161,513
1164,513
1166,1071
1167,1071
1213,1137
1236,1127
1237,979
1258,91
1300,558
1304,109
1361,545
12,290
124,71
450,498
481,492
553,115
596,216
610,263
696,265
760,81
777,1383
939,1301
1053,293
1372,73
1378,293
2,1359
123,69
126,71
337,51
407,1510
426,44
434,1332
438,1566
549,82
563,57
565,1314
568,44
576,107
649,1367
650,1116
658,1242
732,1171
740,1367
748,1242
762,1117
770,221
951,1065
955,1074
1013,1097
1044,1337
1268,1367
1555,1242
47,376
494,483
517,470
539,1065
543,1230
553,200
610,263
1019,293
1372,158
1390,409
1484,293
48,1198
67,151
74,1239
80,784
92,151
98,181
116,201
121,1031
549,144
563,144
568,133
576,178
578,181
658,1242
748,1242
1130,797
1140,1062
1290,1181
1293,311
1300,311
1304,392
12,290
124,71
553,115
685,120
699,265
939,259
990,534
1155,785
1176,1083
1246,492
1446,635
1514,38
123,69
126,71
323,64
407,1274
426,44
434,73
438,795
549,82
563,57
565,612
568,44
576,107
650,264
658,851
748,851
951,1065
955,1074
980,1071
995,259
1004,763
1130,797
1140,1062
1152,785
1153,785
1156,271
1158,785
1159,785
1161,248
1162,785
1164,248
1166,785
1167,785
1213,1057
1236,851
1258,91
1304,109
1364,1012
47,376
56,1198
215,265
240,290
494,483
517,470
543,1230
553,200
677,784
678,1174
682,170
728,784
741,784
939,372
1145,172
1372,158
1390,409
1484,293
48,1198
67,151
74,1239
80,784
92,151
98,181
116,201
121,1031
209,257
223,269
247,303
252,306
549,144
563,144
565,1314
568,133
576,178
578,181
650,264
658,1242
748,1242
955,763
1063,177
1070,786
1080,146
1089,784
1112,161
1130,797
1140,171
1361,203
1555,1242
12,290
210,1008
215,265
240,290
450,308
455,293
462,612
465,178
473,151
474,614
481,110
494,271
504,293
511,612
518,178
519,151
520,614
526,115
543,178
553,200
671,1008
681,601
682,1010
685,120
760,81
777,1383
779,308
805,1008
939,1301
941,91
952,1012
1036,601
1053,293
1145,172
1176,1009
1208,290
1390,1438
1446,635
1479,601
1480,1008
209,257
223,269
227,1006
247,303
252,306
407,1510
426,133
434,1332
438,1566
549,82
563,57
565,1314
568,44
576,107
578,181
580,178
650,264
658,1007
691,308
748,1007
781,1008
881,1347
955,264
1035,1012
1044,1337
1063,91
1070,1347
1080,146
1112,104
1140,171
1143,308
1236,1009
1258,91
1361,203
1364,1012
1555,1007
124,71
229,1101
242,1554
270,1106
273,1117
278,1101
291,1554
296,1245
610,1253
667,1137
742,1105
760,81
777,1383
990,534
1155,1199
1372,1421
1376,1137
1379,1137
1514,38
123,579
126,71
163,1554
212,862
217,560
223,1544
224,1117
245,523
252,1462
277,463
300,523
337,1553
407,1510
434,1332
438,1532
650,1116
651,1119
658,1242
748,1242
770,1106
995,1548
1003,1128
1004,1119
1070,1347
1153,1169
1156,510
1157,95
1159,1169
1161,513
1162,1202
1164,513
1361,545
35,1198
47,1362
56,1198
78,1137
141,1198
155,377
206,619
229,605
242,439
244,422
270,593
278,593
291,1554
296,588
494,483
517,470
536,1105
543,1230
566,389
667,1137
678,1174
728,1367
741,1362
742,605
758,1198
760,403
777,1383
803,422
886,1198
939,372
1019,376
1155,1199
1372,405
1376,1137
1379,1137
1390,409
2,1359
48,1198
66,1362
74,1239
92,1239
98,612
123,401
163,1554
164,1362
209,377
212,593
223,1544
224,1117
245,1201
247,1171
252,1462
277,463
300,1203
301,1187
549,1239
552,1218
565,612
584,1367
649,1367
650,1116
658,1242
740,1367
748,1242
770,593
881,422
955,1101
980,1211
1013,1097
1024,1105
1044,316
1045,1137
1070,422
1089,1367
1153,1169
1156,459
1157,1516
1159,1169
1161,614
1162,1202
1164,1165
1304,392
215,1308
229,1072
242,439
273,1117
278,1072
291,197
296,197
599,1082
685,120
742,1072
746,1012
939,372
952,1012
1155,785
1176,1083
1246,492
1390,409
209,377
217,560
223,1544
224,1117
245,523
247,32
252,1462
277,463
300,523
301,9
650,1116
658,851
748,851
951,1065
955,1074
980,1071
1044,316
1152,785
1153,785
1156,510
1157,95
1158,785
1159,785
1161,513
1162,785
1164,513
1166,785
1167,785
1236,1127
1237,1127
1258,91
1361,545
1364,1012
1555,1127
124,71
155,377
270,221
296,588
450,498
481,492
553,115
667,1137
760,81
777,1383
805,1008
1372,1421
1376,1137
1379,1137
1446,635
2,1359
123,401
126,71
277,1437
549,82
563,57
565,612
568,44
576,107
649,1367
650,1116
658,1242
740,1367
748,1242
770,221
1035,1012
1044,316
1293,311
1300,311
1304,109
1555,1242
47,1362
78,1137
270,221
296,197
450,254
462,1179
465,255
466,1179
469,255
473,151
474,1205
475,1194
494,256
511,1179
514,255
515,1179
518,178
519,151
520,1205
521,1194
526,200
536,1105
539,1065
543,1230
553,200
596,216
672,1065
760,1274
776,1065
777,1383
1379,1137
1514,1180
2,1359
48,1198
67,151
74,1239
80,201
92,151
98,181
116,201
121,1031
370,151
407,1510
426,133
434,1332
438,1532
549,144
563,144
565,1314
568,133
576,178
578,181
580,178
649,1367
650,1116
658,1242
698,1065
740,1367
748,1242
770,221
1555,1242
47,376
155,377
261,638
270,221
296,588
1019,376
1155,785
1176,900
1246,492
72,557
80,784
92,557
98,548
121,1031
123,401
127,569
142,569
157,557
163,1554
277,463
1070,786
1080,582
1112,582
1130,797
1140,422
1152,785
1156,256
1158,785
1161,248
1164,248
1166,785
1167,657
1213,1057
1236,851
1237,979
1293,311
1300,311
1304,392
1361,545
12,1342
215,1308
239,793
242,787
261,638
291,1347
296,1510
326,476
494,483
517,470
543,1469
553,115
939,1301
990,476
1144,705
1155,785
1176,710
1543,705
2,1359
123,69
209,812
223,118
224,645
245,65
252,1462
277,1437
300,65
407,1510
426,44
434,1332
438,795
549,82
563,57
565,1314
568,44
576,107
951,737
955,763
958,753
965,645
980,785
1003,638
1044,1337
1046,645
1070,786
1080,104
1112,104
1130,797
1140,1347
1152,785
1153,785
1156,459
1157,95
1158,785
1159,785
1161,480
1162,785
1164,464
1166,785
1167,657
1236,851
1258,91
12,290
155,377
215,265
240,290
450,308
462,612
465,1179
466,1179
469,1179
473,1239
474,614
475,1194
481,110
494,271
511,612
514,1179
515,1179
518,1239
519,1239
520,614
521,1194
526,115
539,1065
543,1230
553,115
939,372
998,1012
1446,635
1514,38
123,401
209,257
223,269
247,303
252,306
549,82
563,57
565,612
568,44
576,107
580,107
951,737
955,1074
958,753
995,362
1293,311
1300,311
1304,109
1361,661
12,702
47,1362
238,172
242,439
261,638
270,593
291,197
296,197
494,483
517,470
543,1469
1019,376
1155,785
1176,900
1372,158
1390,409
2,1359
67,151
80,784
92,557
98,181
116,201
121,1031
209,377
217,560
223,153
245,614
252,1462
277,463
300,188
1070,786
1080,146
1112,161
1130,797
1140,171
1152,785
1156,459
1157,570
1158,785
1161,614
1164,614
1166,785
1167,657
1213,1057
1236,851
1237,979
1293,311
1300,311
1304,392
12,1342
229,1072
242,439
270,593
278,1072
288,172
291,197
296,197
450,1218
462,612
465,178
466,1179
469,1179
473,151
474,614
475,1194
481,110
511,612
514,1179
515,1179
518,178
519,151
520,614
521,1194
526,115
539,1065
543,1230
553,200
742,605
1372,158
1446,635
2,1359
209,377
223,153
252,1496
300,65
549,82
563,57
565,1314
568,133
576,107
578,181
580,178
649,1367
658,1242
740,1367
748,1242
1044,316
1130,797
1140,1062
1555,1242
12,290
35,1198
47,376
141,1198
155,377
210,1008
215,265
240,290
494,483
517,470
539,1065
543,1230
553,308
566,389
610,263
671,1008
672,1065
699,377
760,403
776,1065
777,1441
779,1218
1155,1071
1372,1533
48,1198
66,376
74,1239
80,311
92,1239
98,1228
116,311
121,1031
123,401
163,1554
217,1239
223,269
247,303
252,306
549,1239
552,1218
658,1242
691,1218
698,1065
748,1242
1130,435
1140,1062
1143,1218
1153,1169
1156,271
1157,306
1159,1169
1161,305
1162,1202
1164,302
1290,1181
1293,311
1300,311
1304,392
1361,265
1364,1012
1555,1242
124,71
229,605
270,593
278,593
296,588
450,498
481,492
553,115
695,1362
728,1367
741,784
742,605
990,534
1005,1362
1155,785
1176,900
1246,492
1446,635
123,69
126,71
163,29
209,812
223,1544
224,1117
245,523
252,1496
277,1437
300,523
323,64
337,51
345,1363
407,1510
426,44
434,73
438,795
549,82
563,57
565,612
568,44
576,107
649,1367
650,1116
651,1119
658,851
740,1367
748,898
1003,1128
1004,1119
1070,786
1089,1367
1152,785
1156,510
1157,95
1158,785
1161,513
1164,513
1166,785
1167,785
1213,1137
1236,1127
1237,979
1258,91
1268,1367
1304,109
1350,1363
1555,898
242,1554
244,1039
261,638
270,593
291,197
296,197
553,200
760,81
777,1383
803,122
939,112
990,534
1005,146
1176,710
1246,492
1446,635
1514,38
2,1359
212,593
223,1544
224,1117
245,523
252,1481
277,463
300,523
337,1553
345,1363
407,1510
426,133
434,73
438,1427
549,82
563,144
565,612
568,133
576,107
578,181
770,593
951,737
955,1074
958,753
995,1548
997,1082
1003,1128
1167,657
1213,1137
1236,1127
1258,91
1268,683
1300,201
1304,109
1350,1363
1555,1127
47,1362
450,254
462,612
465,255
466,255
469,255
473,151
474,614
475,24
481,31
494,256
511,612
514,255
515,255
518,178
519,151
520,614
521,24
526,200
539,1065
553,200
671,1008
939,28
952,1012
996,1012
998,1012
1005,146
1036,601
1053,293
1176,1083
1246,31
1372,158
1379,1137
1446,635
67,151
74,151
80,784
92,151
98,181
116,201
345,1363
370,151
407,1365
426,133
434,158
438,795
549,144
563,144
565,612
568,133
576,178
578,181
580,178
649,1367
650,1116
651,1119
658,851
740,1367
748,851
951,1065
955,1074
991,1119
995,259
1004,1119
1213,1137
1236,1127
1263,1359
1300,201
1304,616
1350,1363
1555,1127
12,290
47,376
155,377
215,265
240,290
450,308
462,612
474,614
475,557
494,271
511,612
520,614
521,557
543,546
677,784
699,377
728,784
741,784
939,372
1019,293
1053,293
1148,290
1155,785
1176,851
1208,290
1378,293
1390,409
1446,635
67,557
72,557
80,784
92,557
98,548
123,401
127,569
142,569
157,557
163,1554
217,560
223,269
247,303
252,306
650,264
658,851
748,851
955,763
980,785
1044,316
1070,786
1080,582
1089,784
1112,582
1130,797
1140,422
1152,785
1153,785
1156,271
1157,306
1158,785
1159,785
1160,271
1161,305
1162,785
1164,302
1166,785
1167,785
1236,851
1293,311
1300,311
1304,392
1361,545
35,1198
47,1362
78,1137
141,1198
155,377
206,619
229,605
242,439
270,593
278,593
291,1554
296,588
566,389
728,1367
741,1362
742,605
760,403
777,1383
1155,1199
1446,635
1514,1576
48,1198
66,1362
74,1239
92,1239
98,530
123,401
163,1554
164,1362
209,377
212,593
223,1544
224,1117
245,523
252,1496
277,1437
300,523
549,1239
552,1218
565,1314
649,1367
650,1116
658,1242
740,1367
748,1242
770,593
1044,316
1070,422
1089,1367
1153,1169
1156,510
1157,15
1159,1169
1161,513
1162,1202
1164,513
1268,1367
1555,1242
450,498
481,492
685,120
728,1367
760,81
777,1441
1053,293
1176,900
1246,492
1372,158
1390,409
1446,635
1514,38
649,1367
650,1116
658,898
740,1367
748,898
770,221
1044,316
1070,422
1089,1367
1236,1127
1258,91
1555,898
12,290
35,1198
141,1198
494,483
517,470
539,1065
543,1230
553,254
596,216
610,263
672,1065
699,265
776,1065
777,1441
779,1218
1372,1421
1484,293
1514,1576
48,1198
74,1239
98,253
116,1260
121,1031
163,1347
407,1510
434,1332
438,1566
549,1239
563,253
565,1314
578,253
658,1242
691,1218
698,1065
748,1242
770,221
781,1183
1140,1062
1143,1218
1555,1242
124,71
553,115
596,216
610,263
667,1137
675,1137
699,265
760,81
777,1331
990,534
1053,293
1372,73
1376,1137
1379,1137
1514,38
123,69
126,71
163,1554
337,1553
407,106
426,44
434,1332
438,1532
549,82
563,57
565,1314
568,44
576,107
589,1117
650,1116
651,1119
658,1242
748,1242
770,221
995,259
1004,1119
1044,1337
1045,1137
229,1072
242,439
278,1072
291,197
296,197
553,115
610,1253
742,1072
939,372
1019,376
1155,785
1446,524
1514,38
209,377
223,153
245,523
247,32
252,1496
277,463
300,523
301,9
549,82
563,57
568,44
576,107
578,181
649,1367
650,1074
658,1242
740,1367
748,1242
951,1065
955,1074
980,1211
1130,797
1140,1062
1153,1169
1156,510
1157,95
1158,785
1159,1169
1161,513
1162,1202
1164,513
1290,1181
1293,311
1297,93
1300,311
1304,109
47,1362
56,1198
215,265
240,290
494,483
517,470
539,1065
543,1230
553,200
610,263
939,28
952,1012
996,1012
1005,146
1053,293
1379,1137
1514,1576
48,1198
67,151
74,1239
80,784
92,151
98,181
116,201
209,257
223,269
247,303
252,306
330,753
337,1553
370,151
407,1510
426,133
434,158
438,795
549,144
563,144
568,133
576,178
578,181
951,737
955,1074
958,753
995,259
1044,1240
1046,645
1268,683
1283,1363
1290,1181
1297,177
1300,201
1304,196
1344,753
1555,1242
12,290
35,1198
141,1198
206,619
215,265
240,290
699,265
760,1438
777,1383
779,1218
990,534
1053,293
1484,293
1514,1576
48,1198
74,1239
77,1553
92,1239
98,530
121,1174
123,297
163,1554
217,1239
223,269
247,303
252,306
337,1553
407,1554
434,1332
438,1532
549,1239
552,1218
565,1314
658,1242
691,1218
748,1242
995,259
1044,1337
1140,1062
1143,1218
1361,265
47,376
270,221
296,197
494,483
517,470
539,1065
553,200
591,177
596,216
672,1065
760,403
776,1065
777,1569
779,254
1019,376
1176,900
67,151
74,151
80,201
92,151
98,181
116,201
121,1031
277,1437
549,144
563,144
568,133
576,178
578,181
658,898
691,254
698,1065
748,898
770,221
1130,435
1140,1062
1143,254
1213,1057
1236,1030
1258,177
1290,176
1293,311
1300,311
1304,392
1555,898
78,1137
270,221
599,1082
939,28
1155,785
1176,1083
1246,492
1379,1137
1390,582
72,557
80,784
92,557
98,548
123,579
127,569
142,569
157,557
163,1554
277,1437
301,9
337,1553
407,1274
434,1332
438,795
650,1116
658,851
748,851
947,1082
951,1065
955,1074
980,1071
1013,1097
1044,1337
1045,1137
1152,785
1153,785
1156,256
1158,785
1159,785
1161,248
1162,785
1164,248
1166,785
1167,785
1236,1127
1237,1127
1361,545
1555,1127
47,1362
56,1431
155,377
270,221
296,588
494,483
517,470
539,1065
671,1008
672,1065
758,626
760,403
776,1065
777,1441
886,1436
939,372
952,1012
1155,1071
1176,1083
1372,1421
1446,635
2,1359
48,1516
66,1362
72,557
92,557
98,548
123,401
127,569
142,569
157,557
163,1554
277,1437
649,1367
650,1116
658,1007
698,1065
740,1367
748,1007
770,221
881,422
951,1065
955,1074
980,1071
1035,1012
1044,316
1152,1071
1153,1071
1156,256
1158,1071
1159,1071
1160,256
1161,248
1162,1071
1164,248
1166,1071
1167,1071
1213,1137
1236,1127
1237,1127
1268,1367
1293,311
1300,311
1304,392
1555,1127
215,265
240,290
553,115
591,257
610,263
939,28
952,1012
1053,293
1176,710
1246,492
1372,158
1478,1363
209,257
223,269
247,303
252,306
330,753
337,51
345,1363
407,1365
426,133
434,73
438,795
549,82
563,144
568,133
576,107
578,181
951,737
955,1074
958,753
1044,295
1046,645
1130,797
1140,1062
1167,657
1236,851
1258,91
1263,1359
1268,683
1290,1010
1297,93
1300,201
1304,109
1344,753
1350,1363
261,638
270,221
450,254
474,253
475,557
481,110
494,256
514,255
520,253
521,557
526,115
543,1469
1155,785
1176,900
1246,737
1372,73
1390,582
1514,38
2,1359
123,579
277,1437
337,51
345,1363
407,1510
434,73
438,795
1070,786
1080,104
1112,104
1130,797
1140,1039
1152,785
1156,256
1158,785
1161,248
1164,248
1166,785
1167,657
1213,1057
1236,851
1237,979
1258,91
1268,683
1290,90
1304,109
1350,1363
1555,898
215,265
240,290
450,498
481,492
553,115
610,263
1019,293
1514,38
209,257
223,269
247,303
252,306
407,1510
426,44
434,73
438,795
549,82
563,57
568,44
576,107
578,181
580,178
1290,1181
1297,93
1300,201
1304,109
47,1362
56,1198
261,638
270,221
296,197
494,483
517,470
543,1230
553,200
939,28
952,1012
1155,785
1514,1180
48,1198
67,151
74,1239
80,784
92,151
98,181
116,201
277,463
301,9
330,753
337,1553
370,151
407,1510
426,133
434,158
438,795
549,144
563,144
568,133
576,178
578,181
951,737
955,763
958,753
980,1211
1044,1240
1046,645
1070,786
1153,1169
1156,256
1158,785
1159,1169
1161,248
1162,1202
1164,248
1290,1181
1300,201
1304,196
1344,753
124,71
155,377
215,265
240,290
450,498
481,492
610,263
760,81
777,1331
1155,1071
1176,900
1246,492
1390,409
1514,38
123,401
126,71
163,29
209,257
217,560
223,269
247,303
252,306
649,1367
650,1116
658,898
740,1367
748,898
1152,1071
1156,271
1157,306
1158,1071
1161,305
1164,302
1166,1071
1167,1071
1236,1127
1237,979
1258,91
47,1362
56,1198
261,638
270,221
296,197
450,254
462,1179
465,255
466,1179
469,255
473,151
474,1205
475,1194
481,31
494,256
511,1179
514,255
515,1179
518,178
519,151
520,1205
521,1194
526,200
543,1230
553,200
939,372
952,1012
996,1012
998,1012
1005,146
1390,409
1514,1180
48,1198
67,151
74,1239
80,784
92,151
98,181
116,201
277,25
301,9
549,144
563,144
565,253
568,133
576,178
578,181
580,178
951,737
955,763
958,753
995,362
1044,316
1046,645
1070,786
1080,146
1112,161
1130,797
1140,171
1290,1181
1293,311
1300,311
1304,392
1555,1242
12,1342
47,1362
56,441
155,377
215,1308
229,1072
242,439
244,1039
273,1072
278,1072
291,1554
450,498
481,492
742,1072
760,403
777,1383
939,372
1155,1071
1176,1083
1246,492
1390,409
1446,524
1514,1569
2,1359
48,523
66,1362
67,557
72,557
92,557
98,548
121,1031
123,401
127,569
142,569
157,557
163,1554
209,377
217,560
223,1544
245,523
252,1496
277,512
300,523
649,1367
650,1074
691,1367
740,1367
881,422
951,1065
955,1074
980,1071
1130,435
1140,1062
1152,1071
1153,1071
1156,510
1157,570
1158,1071
1159,1071
1161,513
1162,1071
1164,513
1166,1071
1167,1071
1236,1009
1268,1367
229,1072
239,1097
242,439
244,1039
270,1106
273,1117
278,1072
289,1097
291,197
296,197
450,200
465,178
473,151
474,26
475,24
481,110
494,21
518,178
519,151
520,26
521,24
526,115
536,1105
539,1065
553,200
591,91
610,153
672,1065
735,1117
742,1072
760,81
776,1065
777,1383
803,122
939,372
1005,146
1019,376
1155,1071
1176,1083
1246,31
209,377
212,393
223,1544
224,1117
245,65
247,32
252,1496
277,25
300,65
301,9
549,82
563,144
568,44
576,107
578,181
580,178
650,1116
651,1119
698,1065
770,1106
881,422
951,1065
955,1074
965,1119
980,1071
991,1119
995,362
997,1082
1003,1128
1004,1119
1013,1097
1152,1071
1153,1071
1156,21
1157,95
1158,1071
1159,1071
1160,1419
1161,26
1162,1071
1164,26
1166,1071
1167,1071
1213,1137
1236,1127
1258,91
1290,90
1293,311
1297,93
1300,311
1304,109
1361,203
