133,78,501,183,126,549,34,28,121,49,45,32,434,115
222,138,702,94,66,348,11,10,73,16,23,27,288,60
162,70,454,154,134,596,15,27,112,46,43,45,532,64
165,91,533,151,113,517,22,19,110,38,34,41,453,64
165,52,420,151,152,630,16,14,121,58,61,33,553,77
190,102,514,126,102,536,16,27,83,43,23,36,430,106
109,94,366,207,110,684,29,39,139,25,29,56,577,107
201,120,582,115,84,468,12,12,91,26,27,31,380,88
171,73,287,145,131,763,13,13,119,35,48,48,621,142
130,81,400,186,123,650,40,45,101,33,33,57,530,120
184,120,638,132,84,412,31,32,69,31,18,35,369,43
196,131,533,120,73,517,25,39,56,34,14,25,450,67
164,98,534,152,106,516,16,32,104,28,43,35,400,116
144,60,402,172,144,648,23,18,131,47,50,47,594,54
141,145,657,175,59,393,29,49,97,10,16,33,337,56
135,76,517,181,128,533,25,23,133,47,38,43,480,53
177,82,372,139,122,678,14,10,115,34,43,45,551,127
173,101,590,143,103,460,18,22,103,35,31,37,371,89
129,106,474,187,98,576,32,55,100,30,22,46,483,93
174,98,610,142,106,440,17,19,106,30,40,36,367,73
189,60,476,127,144,574,13,11,103,43,61,40,486,88
